Incident Reference,run_id,purpose,input_version,window_list,window_count,was_in_this_fit,tail_excluded_from_fit,model_fold,fit_model_key,model_training_tail_policy,training_threshold_hours,prediction_source,target_scale,y,prediction_eta,squared_error_log
FREP-14080-W,R04_B1_all_valid_v1,B1_formal_pending_R04,R02_input_20260905,Eunice,1,False,False,0,model_fold0_G,all_valid,,OOF_date_group_diagnostic,log1p_C,0.6931471805599453,4.800237141939058,16.86818795086108
FREP-14081-W,R04_B1_all_valid_v1,B1_formal_pending_R04,R02_input_20260905,Eunice,1,False,False,0,model_fold0_G,all_valid,,OOF_date_group_diagnostic,log1p_C,3.1354942159291497,4.167172537101254,1.0643601583764917
FREP-14082-W,R04_B1_all_valid_v1,B1_formal_pending_R04,R02_input_20260905,Eunice,1,False,False,0,model_fold0_G,all_valid,,OOF_date_group_diagnostic,log1p_C,4.430816798843313,4.581455127080928,0.022691905934223343
FREP-14088-W,R04_B1_all_valid_v1,B1_formal_pending_R04,R02_input_20260905,Eunice,1,False,False,0,model_fold0_G,all_valid,,OOF_date_group_diagnostic,log1p_C,4.564348191467836,4.00637577611906,0.3113332162901472
FREP-14089-W,R04_B1_all_valid_v1,B1_formal_pending_R04,R02_input_20260905,Eunice,1,False,False,0,model_fold0_G,all_valid,,OOF_date_group_diagnostic,log1p_C,7.793586803371584,3.7546783009403066,16.312781891011664
FREP-14095-W,R04_B1_all_valid_v1,B1_formal_pending_R04,R02_input_20260905,Eunice,1,False,False,0,model_fold0_G,all_valid,,OOF_date_group_diagnostic,log1p_C,6.289715570908998,3.763548316850322,6.381520995478349
FREP-14097-W,R04_B1_all_valid_v1,B1_formal_pending_R04,R02_input_20260905,Eunice,1,False,False,0,model_fold0_G,all_valid,,OOF_date_group_diagnostic,log1p_C,6.802394763324311,4.010607712346796,7.794074938005729
FREP-14098-W,R04_B1_all_valid_v1,B1_formal_pending_R04,R02_input_20260905,Eunice,1,False,False,0,model_fold0_G,all_valid,,OOF_date_group_diagnostic,log1p_C,5.356586274672012,3.8715815629075228,2.205238993962735
FREP-14100-W,R04_B1_all_valid_v1,B1_formal_pending_R04,R02_input_20260905,Eunice,1,False,False,0,model_fold0_G,all_valid,,OOF_date_group_diagnostic,log1p_C,4.6913478822291435,2.7915296307634216,3.6093093886022727
FREP-14105-W,R04_B1_all_valid_v1,B1_formal_pending_R04,R02_input_20260905,Eunice,1,False,False,0,model_fold0_G,all_valid,,OOF_date_group_diagnostic,log1p_C,6.92461239604856,3.188363583475698,13.959555189452121
FREP-14111-W,R04_B1_all_valid_v1,B1_formal_pending_R04,R02_input_20260905,Eunice,1,False,False,0,model_fold0_G,all_valid,,OOF_date_group_diagnostic,log1p_C,6.240275845170769,2.989437148619417,10.567952230995697
FREP-14113-W,R04_B1_all_valid_v1,B1_formal_pending_R04,R02_input_20260905,Eunice,1,False,False,0,model_fold0_G,all_valid,,OOF_date_group_diagnostic,log1p_C,3.4657359027997265,4.702368866575018,1.5292610870956609
FREP-14122-W,R04_B1_all_valid_v1,B1_formal_pending_R04,R02_input_20260905,Eunice,1,False,False,0,model_fold0_G,all_valid,,OOF_date_group_diagnostic,log1p_C,2.6390573296152584,3.209082354219767,0.3249285286753704
FREP-14123-W,R04_B1_all_valid_v1,B1_formal_pending_R04,R02_input_20260905,Eunice,1,False,False,0,model_fold0_G,all_valid,,OOF_date_group_diagnostic,log1p_C,2.9444389791664403,2.989437148619417,0.0020248352541187994
FREP-14126-W,R04_B1_all_valid_v1,B1_formal_pending_R04,R02_input_20260905,Franklin,1,False,False,3,model_fold3_G,all_valid,,OOF_date_group_diagnostic,log1p_C,2.0794415416798357,3.0076902997288673,0.8616457568195695
FREP-14129-W,R04_B1_all_valid_v1,B1_formal_pending_R04,R02_input_20260905,Eunice,1,False,False,0,model_fold0_G,all_valid,,OOF_date_group_diagnostic,log1p_C,3.1780538303479458,2.6183942574004377,0.31321883759178704
FREP-14132-W,R04_B1_all_valid_v1,B1_formal_pending_R04,R02_input_20260905,Franklin,1,False,False,3,model_fold3_G,all_valid,,OOF_date_group_diagnostic,log1p_C,3.044522437723423,2.760093637886981,0.08089974217639884
FREP-14133-W,R04_B1_all_valid_v1,B1_formal_pending_R04,R02_input_20260905,Franklin,1,False,False,3,model_fold3_G,all_valid,,OOF_date_group_diagnostic,log1p_C,1.6094379124341003,3.0153286362947362,1.976528727437383
FREP-14142-W,R04_B1_all_valid_v1,B1_formal_pending_R04,R02_input_20260905,Eunice,1,False,False,0,model_fold0_G,all_valid,,OOF_date_group_diagnostic,log1p_C,0.0,2.54313217956657,6.467521282747013
FREP-14154-W,R04_B1_all_valid_v1,B1_formal_pending_R04,R02_input_20260905,Eunice;Franklin,2,False,False,1,model_fold1_G,all_valid,,OOF_date_group_diagnostic,log1p_C,0.6931471805599453,2.8962974384626183,4.8538710588966145
FREP-14164-W,R04_B1_all_valid_v1,B1_formal_pending_R04,R02_input_20260905,Eunice;Franklin,2,False,False,1,model_fold1_G,all_valid,,OOF_date_group_diagnostic,log1p_C,2.9444389791664403,2.7613733123253312,0.03351303837597993
FREP-14166-W,R04_B1_all_valid_v1,B1_formal_pending_R04,R02_input_20260905,Eunice;Franklin,2,False,False,1,model_fold1_G,all_valid,,OOF_date_group_diagnostic,log1p_C,5.963579343618446,2.7613733123253312,10.25412346685
FREP-14167-W,R04_B1_all_valid_v1,B1_formal_pending_R04,R02_input_20260905,Eunice,1,False,False,0,model_fold0_G,all_valid,,OOF_date_group_diagnostic,log1p_C,2.4849066497880004,4.119786043931711,2.672830633395707
FREP-14171-W,R04_B1_all_valid_v1,B1_formal_pending_R04,R02_input_20260905,Eunice,1,False,False,0,model_fold0_G,all_valid,,OOF_date_group_diagnostic,log1p_C,0.0,3.618210801868223,13.091449406755888
FREP-14172-W,R04_B1_all_valid_v1,B1_formal_pending_R04,R02_input_20260905,Franklin,1,False,False,3,model_fold3_G,all_valid,,OOF_date_group_diagnostic,log1p_C,6.040254711277414,2.880964701191332,9.981113367829714
FREP-14178-W,R04_B1_all_valid_v1,B1_formal_pending_R04,R02_input_20260905,Franklin,1,False,False,3,model_fold3_G,all_valid,,OOF_date_group_diagnostic,log1p_C,5.3471075307174685,2.9209909134729997,5.886041840469744
FREP-14185-W,R04_B1_all_valid_v1,B1_formal_pending_R04,R02_input_20260905,Franklin,1,False,False,3,model_fold3_G,all_valid,,OOF_date_group_diagnostic,log1p_C,6.270988431858299,3.281570185218567,8.936621453342571
FREP-14186-W,R04_B1_all_valid_v1,B1_formal_pending_R04,R02_input_20260905,Franklin,1,False,False,3,model_fold3_G,all_valid,,OOF_date_group_diagnostic,log1p_C,5.69035945432406,3.0262955557909623,7.0972364554673675
FREP-14188-W,R04_B1_all_valid_v1,B1_formal_pending_R04,R02_input_20260905,Franklin,1,False,False,3,model_fold3_G,all_valid,,OOF_date_group_diagnostic,log1p_C,5.181783550292085,3.392989551945721,3.1997839685199714
FREP-14189-W,R04_B1_all_valid_v1,B1_formal_pending_R04,R02_input_20260905,Franklin,1,False,False,3,model_fold3_G,all_valid,,OOF_date_group_diagnostic,log1p_C,2.1972245773362196,3.0774946074611766,0.7748753259361928
FREP-14191-W,R04_B1_all_valid_v1,B1_formal_pending_R04,R02_input_20260905,Eunice,1,False,False,0,model_fold0_G,all_valid,,OOF_date_group_diagnostic,log1p_C,2.772588722239781,3.38967696914556,0.3807979044692474
FREP-14192-W,R04_B1_all_valid_v1,B1_formal_pending_R04,R02_input_20260905,Franklin,1,False,False,3,model_fold3_G,all_valid,,OOF_date_group_diagnostic,log1p_C,6.602587892189336,3.107086617198005,12.218529163466023
FREP-14196-W,R04_B1_all_valid_v1,B1_formal_pending_R04,R02_input_20260905,Franklin,1,False,False,3,model_fold3_G,all_valid,,OOF_date_group_diagnostic,log1p_C,0.0,3.923937258901107,15.397283611792332
FREP-14200-W,R04_B1_all_valid_v1,B1_formal_pending_R04,R02_input_20260905,Eunice;Franklin,2,False,False,1,model_fold1_G,all_valid,,OOF_date_group_diagnostic,log1p_C,3.5263605246161616,2.906834720631161,0.38381222180326147
FREP-14203-W,R04_B1_all_valid_v1,B1_formal_pending_R04,R02_input_20260905,Franklin,1,False,False,3,model_fold3_G,all_valid,,OOF_date_group_diagnostic,log1p_C,5.375278407684165,2.7418959901562796,6.934702956945012
FREP-14230-W,R04_B1_all_valid_v1,B1_formal_pending_R04,R02_input_20260905,Eunice;Franklin,2,False,False,1,model_fold1_G,all_valid,,OOF_date_group_diagnostic,log1p_C,4.51085950651685,2.4305797544680687,4.3275638467841375
FREP-14231-W,R04_B1_all_valid_v1,B1_formal_pending_R04,R02_input_20260905,Franklin,1,False,False,3,model_fold3_G,all_valid,,OOF_date_group_diagnostic,log1p_C,2.3978952727983707,2.602676160393186,0.04193521192412041
FREP-14233-W,R04_B1_all_valid_v1,B1_formal_pending_R04,R02_input_20260905,Franklin,1,False,False,4,model_fold4_G,all_valid,,OOF_date_group_diagnostic,log1p_C,0.6931471805599453,2.879630728344828,4.780710304733968
FREP-14269-W,R04_B1_all_valid_v1,B1_formal_pending_R04,R02_input_20260905,Eunice,1,False,False,0,model_fold0_G,all_valid,,OOF_date_group_diagnostic,log1p_C,0.6931471805599453,4.802384794909346,16.885833771183957
FREP-14324-W,R04_B1_all_valid_v1,B1_formal_pending_R04,R02_input_20260905,Eunice,1,False,False,0,model_fold0_G,all_valid,,OOF_date_group_diagnostic,log1p_C,0.0,4.556943612956264,20.765735091662886
FREP-14325-W,R04_B1_all_valid_v1,B1_formal_pending_R04,R02_input_20260905,Eunice,1,False,False,0,model_fold0_G,all_valid,,OOF_date_group_diagnostic,log1p_C,0.0,4.556943612956264,20.765735091662886
FREP-14345-W,R04_B1_all_valid_v1,B1_formal_pending_R04,R02_input_20260905,Eunice,1,False,False,0,model_fold0_G,all_valid,,OOF_date_group_diagnostic,log1p_C,6.976348070447749,4.478961946533813,6.236937451917871
FREP-14346-W,R04_B1_all_valid_v1,B1_formal_pending_R04,R02_input_20260905,Franklin,1,False,False,3,model_fold3_G,all_valid,,OOF_date_group_diagnostic,log1p_C,6.637258031284457,3.3112732204255537,11.062174962064134
FREP-14347-W,R04_B1_all_valid_v1,B1_formal_pending_R04,R02_input_20260905,Eunice,1,False,False,0,model_fold0_G,all_valid,,OOF_date_group_diagnostic,log1p_C,7.475339236566737,3.4718923577404794,16.0275869115837
FREP-15819-O,R04_B1_all_valid_v1,B1_formal_pending_R04,R02_input_20260905,Ciaran,1,False,False,2,model_fold2_G,all_valid,,OOF_date_group_diagnostic,log1p_C,1.0986122886681098,4.34978466666776,10.570121831467898
FREP-16031-W,R04_B1_all_valid_v1,B1_formal_pending_R04,R02_input_20260905,Ciaran,1,False,False,2,model_fold2_G,all_valid,,OOF_date_group_diagnostic,log1p_C,7.5883236773352225,4.70737363787532,8.299873129864013
FREP-16032-W,R04_B1_all_valid_v1,B1_formal_pending_R04,R02_input_20260905,Ciaran,1,False,False,2,model_fold2_G,all_valid,,OOF_date_group_diagnostic,log1p_C,6.400257445308821,5.1793041818852,1.4907268714647885
FREP-16039-W,R04_B1_all_valid_v1,B1_formal_pending_R04,R02_input_20260905,Ciaran,1,False,False,2,model_fold2_G,all_valid,,OOF_date_group_diagnostic,log1p_C,0.6931471805599453,4.343542408046437,13.325385316856154
FREP-16044-W,R04_B1_all_valid_v1,B1_formal_pending_R04,R02_input_20260905,Ciaran,1,False,False,2,model_fold2_G,all_valid,,OOF_date_group_diagnostic,log1p_C,7.8119734296220225,4.487236027378974,11.053878793873855
FREP-16045-W,R04_B1_all_valid_v1,B1_formal_pending_R04,R02_input_20260905,Ciaran,1,False,False,2,model_fold2_G,all_valid,,OOF_date_group_diagnostic,log1p_C,6.525029657843462,4.2907915714690885,4.991819826605824
FREP-16116-W,R04_B1_all_valid_v1,B1_formal_pending_R04,R02_input_20260905,Henk,1,False,False,4,model_fold4_G,all_valid,,OOF_date_group_diagnostic,log1p_C,2.6390573296152584,3.1867546871506827,0.29997239545128634
FREP-16118-W,R04_B1_all_valid_v1,B1_formal_pending_R04,R02_input_20260905,Henk,1,False,False,4,model_fold4_G,all_valid,,OOF_date_group_diagnostic,log1p_C,1.9459101490553132,3.097603496163771,1.3263975657738822
FREP-16125-W,R04_B1_all_valid_v1,B1_formal_pending_R04,R02_input_20260905,Henk,1,False,False,4,model_fold4_G,all_valid,,OOF_date_group_diagnostic,log1p_C,5.1647859739235145,2.9510828259620103,4.900481627294673
FREP-16130-W,R04_B1_all_valid_v1,B1_formal_pending_R04,R02_input_20260905,Henk,1,False,False,4,model_fold4_G,all_valid,,OOF_date_group_diagnostic,log1p_C,3.7612001156935624,3.6038903764034504,0.02474635407552299
FREP-16132-W,R04_B1_all_valid_v1,B1_formal_pending_R04,R02_input_20260905,Henk,1,False,False,4,model_fold4_G,all_valid,,OOF_date_group_diagnostic,log1p_C,2.772588722239781,3.7470818398425507,0.9496368362551653
FREP-16136-W,R04_B1_all_valid_v1,B1_formal_pending_R04,R02_input_20260905,Henk,1,False,False,4,model_fold4_G,all_valid,,OOF_date_group_diagnostic,log1p_C,0.6931471805599453,3.5859008014402685,8.36802351111622
FREP-16141-W,R04_B1_all_valid_v1,B1_formal_pending_R04,R02_input_20260905,Henk,1,False,False,4,model_fold4_G,all_valid,,OOF_date_group_diagnostic,log1p_C,0.6931471805599453,3.4496673685764883,7.598403546942757
FREP-16142-W,R04_B1_all_valid_v1,B1_formal_pending_R04,R02_input_20260905,Henk,1,False,False,4,model_fold4_G,all_valid,,OOF_date_group_diagnostic,log1p_C,3.1354942159291497,3.318575728977184,0.03351884041995756
FREP-16149-W,R04_B1_all_valid_v1,B1_formal_pending_R04,R02_input_20260905,Henk,1,False,False,4,model_fold4_G,all_valid,,OOF_date_group_diagnostic,log1p_C,2.302585092994046,3.376668984181076,1.1536562053074724
FREP-16154-W,R04_B1_all_valid_v1,B1_formal_pending_R04,R02_input_20260905,Henk,1,False,False,4,model_fold4_G,all_valid,,OOF_date_group_diagnostic,log1p_C,4.605170185988092,3.89042699579095,0.5108578279331878
FREP-16155-W,R04_B1_all_valid_v1,B1_formal_pending_R04,R02_input_20260905,Henk,1,False,False,4,model_fold4_G,all_valid,,OOF_date_group_diagnostic,log1p_C,3.6635616461296463,3.487775889977905,0.030900632065839376
FREP-16157-W,R04_B1_all_valid_v1,B1_formal_pending_R04,R02_input_20260905,Henk,1,False,False,4,model_fold4_G,all_valid,,OOF_date_group_diagnostic,log1p_C,3.8066624897703196,3.6946675159985434,0.01254287415014085
FREP-16175-W,R04_B1_all_valid_v1,B1_formal_pending_R04,R02_input_20260905,Henk,1,False,False,4,model_fold4_G,all_valid,,OOF_date_group_diagnostic,log1p_C,3.6635616461296463,3.66123637287828,5.406895693519759e-06
FREP-16177-W,R04_B1_all_valid_v1,B1_formal_pending_R04,R02_input_20260905,Henk,1,False,False,4,model_fold4_G,all_valid,,OOF_date_group_diagnostic,log1p_C,1.0986122886681098,3.5210328165645857,5.86812121397424
FREP-16179-W,R04_B1_all_valid_v1,B1_formal_pending_R04,R02_input_20260905,Henk,1,False,False,4,model_fold4_G,all_valid,,OOF_date_group_diagnostic,log1p_C,3.091042453358316,3.607460463998419,0.26668756171348135
FREP-16181-W,R04_B1_all_valid_v1,B1_formal_pending_R04,R02_input_20260905,Henk,1,False,False,3,model_fold3_G,all_valid,,OOF_date_group_diagnostic,log1p_C,2.1972245773362196,3.349537052367665,1.3278240401130958
FREP-16193-W,R04_B1_all_valid_v1,B1_formal_pending_R04,R02_input_20260905,Henk,1,False,False,4,model_fold4_G,all_valid,,OOF_date_group_diagnostic,log1p_C,4.204692619390966,3.0373197659783795,1.3627593788846435
FREP-16348-O,R04_B1_all_valid_v1,B1_formal_pending_R04,R02_input_20260905,Henk,1,False,False,4,model_fold4_G,all_valid,,OOF_date_group_diagnostic,log1p_C,3.4965075614664802,3.438552827995906,0.0033587511316452837
FREP-16361-O,R04_B1_all_valid_v1,B1_formal_pending_R04,R02_input_20260905,Henk,1,False,False,4,model_fold4_G,all_valid,,OOF_date_group_diagnostic,log1p_C,1.791759469228055,3.201441189986645,1.9872025538408997
FREP-16363-O,R04_B1_all_valid_v1,B1_formal_pending_R04,R02_input_20260905,Henk,1,False,False,4,model_fold4_G,all_valid,,OOF_date_group_diagnostic,log1p_C,3.9512437185814275,3.639796134434098,0.09699959767120785
FREP-16365-O,R04_B1_all_valid_v1,B1_formal_pending_R04,R02_input_20260905,Henk,1,False,False,4,model_fold4_G,all_valid,,OOF_date_group_diagnostic,log1p_C,6.095824562432225,4.1359214718119,3.8412201246230993
FREP-16384-O,R04_B1_all_valid_v1,B1_formal_pending_R04,R02_input_20260905,Henk,1,False,False,4,model_fold4_G,all_valid,,OOF_date_group_diagnostic,log1p_C,3.367295829986474,3.305128638415024,0.0038647597078814064
FREP-16391-O,R04_B1_all_valid_v1,B1_formal_pending_R04,R02_input_20260905,Henk,1,False,False,4,model_fold4_G,all_valid,,OOF_date_group_diagnostic,log1p_C,3.332204510175204,3.463469256773688,0.017230433699564267
FREP-16392-O,R04_B1_all_valid_v1,B1_formal_pending_R04,R02_input_20260905,Henk,1,False,False,4,model_fold4_G,all_valid,,OOF_date_group_diagnostic,log1p_C,1.3862943611198906,3.8680832793219686,6.1592762345106395
FREP-16395-O,R04_B1_all_valid_v1,B1_formal_pending_R04,R02_input_20260905,Henk,1,False,False,4,model_fold4_G,all_valid,,OOF_date_group_diagnostic,log1p_C,3.6635616461296463,2.9763486947545736,0.47226164053763797
FREP-16396-O,R04_B1_all_valid_v1,B1_formal_pending_R04,R02_input_20260905,Henk,1,False,False,3,model_fold3_G,all_valid,,OOF_date_group_diagnostic,log1p_C,3.871201010907891,3.095767423013218,0.6012972492352056
FREP-16400-O,R04_B1_all_valid_v1,B1_formal_pending_R04,R02_input_20260905,Henk,1,False,False,4,model_fold4_G,all_valid,,OOF_date_group_diagnostic,log1p_C,3.367295829986474,3.2145653461650965,0.023326600688312105
FREP-16402-O,R04_B1_all_valid_v1,B1_formal_pending_R04,R02_input_20260905,Henk,1,False,False,4,model_fold4_G,all_valid,,OOF_date_group_diagnostic,log1p_C,0.6931471805599453,3.2733100594705924,6.657240481708478
FREP-16420-O,R04_B1_all_valid_v1,B1_formal_pending_R04,R02_input_20260905,Henk,1,False,False,4,model_fold4_G,all_valid,,OOF_date_group_diagnostic,log1p_C,0.6931471805599453,3.6720628521806717,8.873938578627563
FREP-16421-O,R04_B1_all_valid_v1,B1_formal_pending_R04,R02_input_20260905,Henk,1,False,False,3,model_fold3_G,all_valid,,OOF_date_group_diagnostic,log1p_C,0.6931471805599453,3.275153849417421,6.666758438024477
FREP-19648-U,R04_B1_all_valid_v1,B1_formal_pending_R04,R02_input_20260905,Dudley,1,False,False,3,model_fold3_G,all_valid,,OOF_date_group_diagnostic,log1p_C,2.3978952727983707,2.801757424936651,0.1631046379297635
FREP-19667-U,R04_B1_all_valid_v1,B1_formal_pending_R04,R02_input_20260905,Franklin,1,False,False,3,model_fold3_G,all_valid,,OOF_date_group_diagnostic,log1p_C,0.6931471805599453,3.102713223431567,5.806008514960006
FREP-19668-U,R04_B1_all_valid_v1,B1_formal_pending_R04,R02_input_20260905,Eunice,1,False,False,0,model_fold0_G,all_valid,,OOF_date_group_diagnostic,log1p_C,2.0794415416798357,2.885988024404708,0.6505172287958624
FREP-19669-U,R04_B1_all_valid_v1,B1_formal_pending_R04,R02_input_20260905,Eunice;Franklin,2,False,False,1,model_fold1_G,all_valid,,OOF_date_group_diagnostic,log1p_C,2.3978952727983707,2.5155858651057046,0.013851075517651086
FREP-19670-U,R04_B1_all_valid_v1,B1_formal_pending_R04,R02_input_20260905,Eunice,1,False,False,0,model_fold0_G,all_valid,,OOF_date_group_diagnostic,log1p_C,3.4965075614664802,4.282676178064368,0.6180610937234368
FREP-19684-U,R04_B1_all_valid_v1,B1_formal_pending_R04,R02_input_20260905,Eunice;Franklin,2,False,False,1,model_fold1_G,all_valid,,OOF_date_group_diagnostic,log1p_C,1.9459101490553132,2.7148913717008543,0.5913321207814312
FREP-19686-U,R04_B1_all_valid_v1,B1_formal_pending_R04,R02_input_20260905,Eunice;Franklin,2,False,False,1,model_fold1_G,all_valid,,OOF_date_group_diagnostic,log1p_C,5.111987788356544,2.677620505116917,5.926144069707481
FREP-19690-U,R04_B1_all_valid_v1,B1_formal_pending_R04,R02_input_20260905,Eunice;Franklin,2,False,False,1,model_fold1_G,all_valid,,OOF_date_group_diagnostic,log1p_C,6.126869184114185,2.349074820407248,14.271730254455905
FREP-19706-U,R04_B1_all_valid_v1,B1_formal_pending_R04,R02_input_20260905,Eunice,1,False,False,0,model_fold0_G,all_valid,,OOF_date_group_diagnostic,log1p_C,4.276666119016055,4.738672335775777,0.2134497443246311
FREP-19716-U,R04_B1_all_valid_v1,B1_formal_pending_R04,R02_input_20260905,Franklin,1,False,False,3,model_fold3_G,all_valid,,OOF_date_group_diagnostic,log1p_C,4.59511985013459,3.122066504733235,2.169886158398123
FREP-19717-U,R04_B1_all_valid_v1,B1_formal_pending_R04,R02_input_20260905,Franklin,1,False,False,3,model_fold3_G,all_valid,,OOF_date_group_diagnostic,log1p_C,6.182084906716632,2.953694165303205,10.422506779243939
FREP-19718-U,R04_B1_all_valid_v1,B1_formal_pending_R04,R02_input_20260905,Franklin,1,False,False,3,model_fold3_G,all_valid,,OOF_date_group_diagnostic,log1p_C,4.406719247264253,2.8204883133193763,2.516128575803637
FREP-19760-U,R04_B1_all_valid_v1,B1_formal_pending_R04,R02_input_20260905,Franklin,1,False,False,3,model_fold3_G,all_valid,,OOF_date_group_diagnostic,log1p_C,7.797291273547472,3.0790151318983368,22.262129748855454
FREP-19785-U,R04_B1_all_valid_v1,B1_formal_pending_R04,R02_input_20260905,Franklin,1,False,False,3,model_fold3_G,all_valid,,OOF_date_group_diagnostic,log1p_C,0.0,3.0149069303804787,9.089663798856241
FREP-20005-U,R04_B1_all_valid_v1,B1_formal_pending_R04,R02_input_20260905,Eunice,1,False,False,0,model_fold0_G,all_valid,,OOF_date_group_diagnostic,log1p_C,0.0,3.553150663992676,12.624879641031594
FREP-22280-U,R04_B1_all_valid_v1,B1_formal_pending_R04,R02_input_20260905,Babet,1,False,False,4,model_fold4_G,all_valid,,OOF_date_group_diagnostic,log1p_C,3.912023005428146,3.305164346084027,0.3682774324209412
FREP-22298-U,R04_B1_all_valid_v1,B1_formal_pending_R04,R02_input_20260905,Ciaran,1,False,False,2,model_fold2_G,all_valid,,OOF_date_group_diagnostic,log1p_C,1.6094379124341003,4.060040831507443,6.005454666970788
FREP-22303-U,R04_B1_all_valid_v1,B1_formal_pending_R04,R02_input_20260905,Ciaran,1,False,False,2,model_fold2_G,all_valid,,OOF_date_group_diagnostic,log1p_C,1.9459101490553132,4.655006553458142,7.339203328348333
FREP-22306-U,R04_B1_all_valid_v1,B1_formal_pending_R04,R02_input_20260905,Ciaran,1,False,False,2,model_fold2_G,all_valid,,OOF_date_group_diagnostic,log1p_C,3.8501476017100584,3.868404215268696,0.0003333039386294348
FREP-22311-U,R04_B1_all_valid_v1,B1_formal_pending_R04,R02_input_20260905,Ciaran,1,False,False,2,model_fold2_G,all_valid,,OOF_date_group_diagnostic,log1p_C,2.6390573296152584,4.433768255858616,3.2209873087772896
FREP-22317-U,R04_B1_all_valid_v1,B1_formal_pending_R04,R02_input_20260905,Ciaran,1,False,False,2,model_fold2_G,all_valid,,OOF_date_group_diagnostic,log1p_C,4.0943445622221,4.555844050582718,0.21298177775711183
FREP-22320-U,R04_B1_all_valid_v1,B1_formal_pending_R04,R02_input_20260905,Ciaran,1,False,False,2,model_fold2_G,all_valid,,OOF_date_group_diagnostic,log1p_C,3.7612001156935624,5.632368105869176,3.5012696474578457
FREP-22321-U,R04_B1_all_valid_v1,B1_formal_pending_R04,R02_input_20260905,Ciaran,1,False,False,2,model_fold2_G,all_valid,,OOF_date_group_diagnostic,log1p_C,0.6931471805599453,3.556798323051054,8.200497865890632
FREP-22323-U,R04_B1_all_valid_v1,B1_formal_pending_R04,R02_input_20260905,Ciaran,1,False,False,2,model_fold2_G,all_valid,,OOF_date_group_diagnostic,log1p_C,2.3978952727983707,3.3124330737018584,0.8363793892813873
FREP-22506-U,R04_B1_all_valid_v1,B1_formal_pending_R04,R02_input_20260905,Henk,1,False,False,4,model_fold4_G,all_valid,,OOF_date_group_diagnostic,log1p_C,3.1780538303479458,3.337048981408144,0.02527945806065522
FREP-22509-U,R04_B1_all_valid_v1,B1_formal_pending_R04,R02_input_20260905,Henk,1,False,False,4,model_fold4_G,all_valid,,OOF_date_group_diagnostic,log1p_C,1.791759469228055,3.512077825886664,2.9594952482565775
FREP-22526-U,R04_B1_all_valid_v1,B1_formal_pending_R04,R02_input_20260905,Henk,1,False,False,4,model_fold4_G,all_valid,,OOF_date_group_diagnostic,log1p_C,2.833213344056216,3.0108531239376797,0.03155589139633481
FREP-22531-U,R04_B1_all_valid_v1,B1_formal_pending_R04,R02_input_20260905,Henk,1,False,False,4,model_fold4_G,all_valid,,OOF_date_group_diagnostic,log1p_C,2.1972245773362196,3.7377375007469076,2.3731800671953445
FREP-22533-U,R04_B1_all_valid_v1,B1_formal_pending_R04,R02_input_20260905,Henk,1,False,False,3,model_fold3_G,all_valid,,OOF_date_group_diagnostic,log1p_C,3.332204510175204,3.123057512559666,0.04374246661159377
FREP-258621-G,R04_B1_all_valid_v1,B1_formal_pending_R04,R02_input_20260905,Arwen,1,False,False,2,model_fold2_G,all_valid,,OOF_date_group_diagnostic,log1p_C,0.0,3.3163086600395504,10.997903128653318
FREP-258622-G,R04_B1_all_valid_v1,B1_formal_pending_R04,R02_input_20260905,Arwen,1,False,False,2,model_fold2_G,all_valid,,OOF_date_group_diagnostic,log1p_C,4.844187086458591,3.3478660213537332,2.2389767298765366
FREP-258624-G,R04_B1_all_valid_v1,B1_formal_pending_R04,R02_input_20260905,Arwen,1,False,False,2,model_fold2_G,all_valid,,OOF_date_group_diagnostic,log1p_C,4.330733340286331,3.444111821470797,0.7860977176267643
FREP-258626-G,R04_B1_all_valid_v1,B1_formal_pending_R04,R02_input_20260905,Arwen,1,False,False,2,model_fold2_G,all_valid,,OOF_date_group_diagnostic,log1p_C,2.6390573296152584,3.376042085822643,0.5431465308820584
FREP-258627-G,R04_B1_all_valid_v1,B1_formal_pending_R04,R02_input_20260905,Arwen,1,False,False,2,model_fold2_G,all_valid,,OOF_date_group_diagnostic,log1p_C,0.0,3.376042085822643,11.397660165245703
FREP-258628-G,R04_B1_all_valid_v1,B1_formal_pending_R04,R02_input_20260905,Arwen,1,False,False,2,model_fold2_G,all_valid,,OOF_date_group_diagnostic,log1p_C,1.0986122886681098,3.205125230672058,4.437396774830129
FREP-258637-G,R04_B1_all_valid_v1,B1_formal_pending_R04,R02_input_20260905,Arwen,1,False,False,2,model_fold2_G,all_valid,,OOF_date_group_diagnostic,log1p_C,5.41610040220442,2.9093178609831094,6.283958708971972
FREP-258640-G,R04_B1_all_valid_v1,B1_formal_pending_R04,R02_input_20260905,Arwen,1,False,False,2,model_fold2_G,all_valid,,OOF_date_group_diagnostic,log1p_C,1.0986122886681098,3.0117334466006507,3.660032564929146
FREP-258642-G,R04_B1_all_valid_v1,B1_formal_pending_R04,R02_input_20260905,Arwen,1,False,False,2,model_fold2_G,all_valid,,OOF_date_group_diagnostic,log1p_C,4.31748811353631,3.0631584282735176,1.5733429593314563
FREP-258644-G,R04_B1_all_valid_v1,B1_formal_pending_R04,R02_input_20260905,Arwen,1,False,False,2,model_fold2_G,all_valid,,OOF_date_group_diagnostic,log1p_C,2.302585092994046,2.9403930613094604,0.4067990044466368
FREP-258674-G,R04_B1_all_valid_v1,B1_formal_pending_R04,R02_input_20260905,Arwen,1,False,False,2,model_fold2_G,all_valid,,OOF_date_group_diagnostic,log1p_C,1.9459101490553132,2.6277842556852424,0.46495229729236404
FREP-258679-G,R04_B1_all_valid_v1,B1_formal_pending_R04,R02_input_20260905,Arwen,1,False,False,2,model_fold2_G,all_valid,,OOF_date_group_diagnostic,log1p_C,6.988413181999592,2.54525311932118,19.741671342580435
FREP-258681-G,R04_B1_all_valid_v1,B1_formal_pending_R04,R02_input_20260905,Arwen,1,False,False,2,model_fold2_G,all_valid,,OOF_date_group_diagnostic,log1p_C,5.44673737166631,3.017524816945904,5.90107363601124
FREP-258686-G,R04_B1_all_valid_v1,B1_formal_pending_R04,R02_input_20260905,Arwen,1,False,False,2,model_fold2_G,all_valid,,OOF_date_group_diagnostic,log1p_C,1.3862943611198906,2.853251982701375,2.151964663516006
FREP-258691-G,R04_B1_all_valid_v1,B1_formal_pending_R04,R02_input_20260905,Arwen,1,False,False,2,model_fold2_G,all_valid,,OOF_date_group_diagnostic,log1p_C,4.882801922586371,2.8660136856431593,4.067434792672507
FREP-258694-G,R04_B1_all_valid_v1,B1_formal_pending_R04,R02_input_20260905,Arwen,1,False,False,2,model_fold2_G,all_valid,,OOF_date_group_diagnostic,log1p_C,5.488937726156687,3.026700544542419,6.062611938523772
FREP-258699-G,R04_B1_all_valid_v1,B1_formal_pending_R04,R02_input_20260905,Arwen,1,False,False,2,model_fold2_G,all_valid,,OOF_date_group_diagnostic,log1p_C,2.833213344056216,2.877342368307066,0.0019473707813320753
FREP-258703-G,R04_B1_all_valid_v1,B1_formal_pending_R04,R02_input_20260905,Arwen,1,False,False,2,model_fold2_G,all_valid,,OOF_date_group_diagnostic,log1p_C,5.605802066295998,2.8806634935425466,7.426380240708717
FREP-258704-G,R04_B1_all_valid_v1,B1_formal_pending_R04,R02_input_20260905,Arwen,1,False,False,2,model_fold2_G,all_valid,,OOF_date_group_diagnostic,log1p_C,2.1972245773362196,2.8389817766096135,0.41185230281923063
FREP-258705-G,R04_B1_all_valid_v1,B1_formal_pending_R04,R02_input_20260905,Arwen,1,False,False,2,model_fold2_G,all_valid,,OOF_date_group_diagnostic,log1p_C,5.579729825986222,2.8580477410082405,7.407553371690092
FREP-258709-G,R04_B1_all_valid_v1,B1_formal_pending_R04,R02_input_20260905,Arwen,1,False,False,2,model_fold2_G,all_valid,,OOF_date_group_diagnostic,log1p_C,1.6094379124341003,2.7976366357214966,1.4118162060217985
FREP-258711-G,R04_B1_all_valid_v1,B1_formal_pending_R04,R02_input_20260905,Arwen,1,False,False,2,model_fold2_G,all_valid,,OOF_date_group_diagnostic,log1p_C,7.950854857719988,2.9855158762018488,24.65459120138359
FREP-258717-G,R04_B1_all_valid_v1,B1_formal_pending_R04,R02_input_20260905,Arwen,1,False,False,2,model_fold2_G,all_valid,,OOF_date_group_diagnostic,log1p_C,3.1354942159291497,2.9007838495098706,0.055088956104672265
FREP-258724-G,R04_B1_all_valid_v1,B1_formal_pending_R04,R02_input_20260905,Arwen,1,False,False,2,model_fold2_G,all_valid,,OOF_date_group_diagnostic,log1p_C,3.8501476017100584,2.8584874520435477,0.9833898524366065
FREP-258728-G,R04_B1_all_valid_v1,B1_formal_pending_R04,R02_input_20260905,Arwen,1,False,False,2,model_fold2_G,all_valid,,OOF_date_group_diagnostic,log1p_C,7.553286605600419,2.8817048764043864,21.82367585255819
FREP-258729-G,R04_B1_all_valid_v1,B1_formal_pending_R04,R02_input_20260905,Arwen,1,False,False,2,model_fold2_G,all_valid,,OOF_date_group_diagnostic,log1p_C,6.368187186350492,3.0819832136813536,10.799136549986429
FREP-258730-G,R04_B1_all_valid_v1,B1_formal_pending_R04,R02_input_20260905,Arwen,1,False,False,2,model_fold2_G,all_valid,,OOF_date_group_diagnostic,log1p_C,1.9459101490553132,3.0624590309060657,1.2466814055621658
FREP-258731-G,R04_B1_all_valid_v1,B1_formal_pending_R04,R02_input_20260905,Arwen,1,False,False,4,model_fold4_G,all_valid,,OOF_date_group_diagnostic,log1p_C,2.4849066497880004,2.759592486934036,0.0754523091286183
FREP-258733-G,R04_B1_all_valid_v1,B1_formal_pending_R04,R02_input_20260905,Arwen,1,False,False,2,model_fold2_G,all_valid,,OOF_date_group_diagnostic,log1p_C,2.833213344056216,3.0324403133399938,0.039691385289999256
FREP-258735-G,R04_B1_all_valid_v1,B1_formal_pending_R04,R02_input_20260905,Arwen,1,False,False,2,model_fold2_G,all_valid,,OOF_date_group_diagnostic,log1p_C,1.3862943611198906,2.9834586398965666,2.55093373340022
FREP-258762-G,R04_B1_all_valid_v1,B1_formal_pending_R04,R02_input_20260905,Arwen,1,False,False,4,model_fold4_G,all_valid,,OOF_date_group_diagnostic,log1p_C,2.9444389791664403,2.7516032467999794,0.03718561967730934
FREP-258768-G,R04_B1_all_valid_v1,B1_formal_pending_R04,R02_input_20260905,Arwen,1,False,False,2,model_fold2_G,all_valid,,OOF_date_group_diagnostic,log1p_C,3.1354942159291497,2.742540247183277,0.15441282155313232
FREP-258780-G,R04_B1_all_valid_v1,B1_formal_pending_R04,R02_input_20260905,Arwen,1,False,False,4,model_fold4_G,all_valid,,OOF_date_group_diagnostic,log1p_C,1.0986122886681098,2.7771300194559045,2.817421772569008
FREP-258782-G,R04_B1_all_valid_v1,B1_formal_pending_R04,R02_input_20260905,Arwen,1,False,False,4,model_fold4_G,all_valid,,OOF_date_group_diagnostic,log1p_C,2.70805020110221,2.596472652133927,0.012449549433769561
FREP-258793-G,R04_B1_all_valid_v1,B1_formal_pending_R04,R02_input_20260905,Arwen,1,False,False,4,model_fold4_G,all_valid,,OOF_date_group_diagnostic,log1p_C,7.724004656676065,2.844214965717203,23.81234742798839
FREP-258830-G,R04_B1_all_valid_v1,B1_formal_pending_R04,R02_input_20260905,Arwen,1,False,False,4,model_fold4_G,all_valid,,OOF_date_group_diagnostic,log1p_C,3.091042453358316,2.9059702728113748,0.03425171201239964
FREP-266547-G,R04_B1_all_valid_v1,B1_formal_pending_R04,R02_input_20260905,Dudley,1,False,False,3,model_fold3_G,all_valid,,OOF_date_group_diagnostic,log1p_C,2.0794415416798357,3.441355840248421,1.854810556645561
FREP-266579-G,R04_B1_all_valid_v1,B1_formal_pending_R04,R02_input_20260905,Dudley,1,False,False,3,model_fold3_G,all_valid,,OOF_date_group_diagnostic,log1p_C,1.9459101490553132,3.2034024011999107,1.5812867642036919
FREP-266585-G,R04_B1_all_valid_v1,B1_formal_pending_R04,R02_input_20260905,Dudley,1,False,False,3,model_fold3_G,all_valid,,OOF_date_group_diagnostic,log1p_C,0.6931471805599453,3.2373922464583,6.473182955348122
FREP-266594-G,R04_B1_all_valid_v1,B1_formal_pending_R04,R02_input_20260905,Dudley,1,False,False,3,model_fold3_G,all_valid,,OOF_date_group_diagnostic,log1p_C,3.091042453358316,3.346499794492788,0.06525845313949402
FREP-266616-G,R04_B1_all_valid_v1,B1_formal_pending_R04,R02_input_20260905,Dudley,1,False,False,3,model_fold3_G,all_valid,,OOF_date_group_diagnostic,log1p_C,7.080026499922591,3.2079746243806135,14.992785726888142
FREP-266619-G,R04_B1_all_valid_v1,B1_formal_pending_R04,R02_input_20260905,Dudley,1,False,False,3,model_fold3_G,all_valid,,OOF_date_group_diagnostic,log1p_C,2.302585092994046,3.532224211396501,1.512012361505567
FREP-266624-G,R04_B1_all_valid_v1,B1_formal_pending_R04,R02_input_20260905,Dudley,1,False,False,3,model_fold3_G,all_valid,,OOF_date_group_diagnostic,log1p_C,0.6931471805599453,3.4346907762088694,7.516061286843631
FREP-266629-G,R04_B1_all_valid_v1,B1_formal_pending_R04,R02_input_20260905,Dudley,1,False,False,3,model_fold3_G,all_valid,,OOF_date_group_diagnostic,log1p_C,0.6931471805599453,3.505577534969924,7.909764498406639
FREP-266630-G,R04_B1_all_valid_v1,B1_formal_pending_R04,R02_input_20260905,Dudley,1,False,False,3,model_fold3_G,all_valid,,OOF_date_group_diagnostic,log1p_C,0.6931471805599453,3.4272426808386247,7.4752782046441215
FREP-266636-G,R04_B1_all_valid_v1,B1_formal_pending_R04,R02_input_20260905,Dudley,1,False,False,3,model_fold3_G,all_valid,,OOF_date_group_diagnostic,log1p_C,5.8971538676367405,2.9999188454772097,8.393970773627737
FREP-266643-G,R04_B1_all_valid_v1,B1_formal_pending_R04,R02_input_20260905,Dudley,1,False,False,3,model_fold3_G,all_valid,,OOF_date_group_diagnostic,log1p_C,4.762173934797756,3.7085710372328786,1.1100790657571062
FREP-266648-G,R04_B1_all_valid_v1,B1_formal_pending_R04,R02_input_20260905,Dudley,1,False,False,3,model_fold3_G,all_valid,,OOF_date_group_diagnostic,log1p_C,2.0794415416798357,3.5415784110880706,2.1378442248829135
FREP-266675-G,R04_B1_all_valid_v1,B1_formal_pending_R04,R02_input_20260905,Dudley;Eunice,2,False,False,3,model_fold3_G,all_valid,,OOF_date_group_diagnostic,log1p_C,4.04305126783455,3.200643129308674,0.7096514718546321
FREP-266688-G,R04_B1_all_valid_v1,B1_formal_pending_R04,R02_input_20260905,Dudley;Eunice,2,False,False,3,model_fold3_G,all_valid,,OOF_date_group_diagnostic,log1p_C,2.5649493574615367,2.8998046935756707,0.11212809612410965
FREP-266689-G,R04_B1_all_valid_v1,B1_formal_pending_R04,R02_input_20260905,Dudley;Eunice,2,False,False,3,model_fold3_G,all_valid,,OOF_date_group_diagnostic,log1p_C,1.9459101490553132,2.8319893011450428,0.785136263768054
FREP-266699-G,R04_B1_all_valid_v1,B1_formal_pending_R04,R02_input_20260905,Dudley;Eunice,2,False,False,3,model_fold3_G,all_valid,,OOF_date_group_diagnostic,log1p_C,6.045005314036012,2.932064381465173,9.690401249675006
FREP-266711-G,R04_B1_all_valid_v1,B1_formal_pending_R04,R02_input_20260905,Dudley;Eunice,2,False,False,3,model_fold3_G,all_valid,,OOF_date_group_diagnostic,log1p_C,1.0986122886681098,2.7635677830570144,2.772076798295802
FREP-266730-G,R04_B1_all_valid_v1,B1_formal_pending_R04,R02_input_20260905,Dudley;Eunice,2,False,False,3,model_fold3_G,all_valid,,OOF_date_group_diagnostic,log1p_C,1.0986122886681098,2.8059085556498435,2.9148605432497634
FREP-266746-G,R04_B1_all_valid_v1,B1_formal_pending_R04,R02_input_20260905,Dudley;Eunice,2,False,False,3,model_fold3_G,all_valid,,OOF_date_group_diagnostic,log1p_C,0.6931471805599453,2.9591949340939356,5.134972421296443
FREP-266748-G,R04_B1_all_valid_v1,B1_formal_pending_R04,R02_input_20260905,Dudley;Eunice,2,False,False,3,model_fold3_G,all_valid,,OOF_date_group_diagnostic,log1p_C,3.9512437185814275,2.867533082267872,1.1744287432591316
FREP-266837-G,R04_B1_all_valid_v1,B1_formal_pending_R04,R02_input_20260905,Dudley;Eunice,2,False,False,3,model_fold3_G,all_valid,,OOF_date_group_diagnostic,log1p_C,1.0986122886681098,2.953017730396841,3.43881954231313
FREP-266858-G,R04_B1_all_valid_v1,B1_formal_pending_R04,R02_input_20260905,Eunice,1,False,False,0,model_fold0_G,all_valid,,OOF_date_group_diagnostic,log1p_C,5.056245805348308,2.7942182887744904,5.116768485737111
FREP-266864-G,R04_B1_all_valid_v1,B1_formal_pending_R04,R02_input_20260905,Eunice,1,False,False,0,model_fold0_G,all_valid,,OOF_date_group_diagnostic,log1p_C,6.529418838262226,2.7346037663042866,14.400621430359138
FREP-266868-G,R04_B1_all_valid_v1,B1_formal_pending_R04,R02_input_20260905,Eunice,1,False,False,0,model_fold0_G,all_valid,,OOF_date_group_diagnostic,log1p_C,6.590301048196686,3.359333661875588,10.439150251470586
FREP-266878-G,R04_B1_all_valid_v1,B1_formal_pending_R04,R02_input_20260905,Eunice,1,False,False,0,model_fold0_G,all_valid,,OOF_date_group_diagnostic,log1p_C,6.210600077024653,3.134584839089185,9.461869744011192
FREP-266881-G,R04_B1_all_valid_v1,B1_formal_pending_R04,R02_input_20260905,Eunice,1,False,False,0,model_fold0_G,all_valid,,OOF_date_group_diagnostic,log1p_C,3.5553480614894135,3.3292404514635177,0.0511246513116226
FREP-266893-G,R04_B1_all_valid_v1,B1_formal_pending_R04,R02_input_20260905,Eunice,1,False,False,0,model_fold0_G,all_valid,,OOF_date_group_diagnostic,log1p_C,6.226536669287466,3.308776700999199,8.513323232545547
FREP-266898-G,R04_B1_all_valid_v1,B1_formal_pending_R04,R02_input_20260905,Eunice,1,False,False,0,model_fold0_G,all_valid,,OOF_date_group_diagnostic,log1p_C,6.405228458030842,3.7595082465690433,6.999835437337464
FREP-266908-G,R04_B1_all_valid_v1,B1_formal_pending_R04,R02_input_20260905,Eunice,1,False,False,0,model_fold0_G,all_valid,,OOF_date_group_diagnostic,log1p_C,4.709530201312334,3.7595082465690433,0.902541714494263
FREP-266910-G,R04_B1_all_valid_v1,B1_formal_pending_R04,R02_input_20260905,Eunice,1,False,False,0,model_fold0_G,all_valid,,OOF_date_group_diagnostic,log1p_C,6.148468295917647,3.5701532010114017,6.647708728621401
FREP-266914-G,R04_B1_all_valid_v1,B1_formal_pending_R04,R02_input_20260905,Franklin,1,False,False,3,model_fold3_G,all_valid,,OOF_date_group_diagnostic,log1p_C,0.6931471805599453,3.536799711390056,8.086359716096494
FREP-266921-G,R04_B1_all_valid_v1,B1_formal_pending_R04,R02_input_20260905,Eunice,1,False,False,0,model_fold0_G,all_valid,,OOF_date_group_diagnostic,log1p_C,1.0986122886681098,3.509747995402373,5.813575396288933
FREP-266926-G,R04_B1_all_valid_v1,B1_formal_pending_R04,R02_input_20260905,Eunice,1,False,False,0,model_fold0_G,all_valid,,OOF_date_group_diagnostic,log1p_C,5.056245805348308,3.468965717034442,2.5194580787576735
FREP-266933-G,R04_B1_all_valid_v1,B1_formal_pending_R04,R02_input_20260905,Eunice,1,False,False,0,model_fold0_G,all_valid,,OOF_date_group_diagnostic,log1p_C,5.003946305945459,3.4006843176952497,2.5704490029680147
FREP-266939-G,R04_B1_all_valid_v1,B1_formal_pending_R04,R02_input_20260905,Eunice,1,False,False,0,model_fold0_G,all_valid,,OOF_date_group_diagnostic,log1p_C,5.634789603169249,3.2138149178785933,5.861118426818191
FREP-266942-G,R04_B1_all_valid_v1,B1_formal_pending_R04,R02_input_20260905,Eunice,1,False,False,0,model_fold0_G,all_valid,,OOF_date_group_diagnostic,log1p_C,3.6375861597263857,3.503157147543747,0.018071159316400052
FREP-266945-G,R04_B1_all_valid_v1,B1_formal_pending_R04,R02_input_20260905,Eunice,1,False,False,0,model_fold0_G,all_valid,,OOF_date_group_diagnostic,log1p_C,4.499809670330265,3.154848296496759,1.8089210971041119
FREP-266946-G,R04_B1_all_valid_v1,B1_formal_pending_R04,R02_input_20260905,Eunice,1,False,False,0,model_fold0_G,all_valid,,OOF_date_group_diagnostic,log1p_C,7.620214770574455,3.2557255445715887,19.048766203895095
FREP-266958-G,R04_B1_all_valid_v1,B1_formal_pending_R04,R02_input_20260905,Eunice,1,False,False,0,model_fold0_G,all_valid,,OOF_date_group_diagnostic,log1p_C,4.820281565605037,3.4480484731022427,1.8830236601597825
FREP-266960-G,R04_B1_all_valid_v1,B1_formal_pending_R04,R02_input_20260905,Eunice,1,False,False,0,model_fold0_G,all_valid,,OOF_date_group_diagnostic,log1p_C,7.04141166379481,3.4480484731022427,12.912259020224269
FREP-266961-G,R04_B1_all_valid_v1,B1_formal_pending_R04,R02_input_20260905,Eunice,1,False,False,0,model_fold0_G,all_valid,,OOF_date_group_diagnostic,log1p_C,5.043425116919247,3.154848296496759,3.5667224066371137
FREP-266962-G,R04_B1_all_valid_v1,B1_formal_pending_R04,R02_input_20260905,Eunice,1,False,False,0,model_fold0_G,all_valid,,OOF_date_group_diagnostic,log1p_C,4.382026634673881,3.4480484731022427,0.8723152062927376
FREP-266963-G,R04_B1_all_valid_v1,B1_formal_pending_R04,R02_input_20260905,Eunice,1,False,False,0,model_fold0_G,all_valid,,OOF_date_group_diagnostic,log1p_C,4.844187086458591,3.3125434930411926,2.3459320972565614
FREP-266964-G,R04_B1_all_valid_v1,B1_formal_pending_R04,R02_input_20260905,Eunice,1,False,False,0,model_fold0_G,all_valid,,OOF_date_group_diagnostic,log1p_C,0.0,3.3149521835147064,10.98890797898892
FREP-266967-G,R04_B1_all_valid_v1,B1_formal_pending_R04,R02_input_20260905,Eunice,1,False,False,0,model_fold0_G,all_valid,,OOF_date_group_diagnostic,log1p_C,1.3862943611198906,4.460716376783413,9.452070730396555
FREP-266970-G,R04_B1_all_valid_v1,B1_formal_pending_R04,R02_input_20260905,Eunice,1,False,False,0,model_fold0_G,all_valid,,OOF_date_group_diagnostic,log1p_C,5.934894195619588,3.281125739566377,7.042487018343044
FREP-266971-G,R04_B1_all_valid_v1,B1_formal_pending_R04,R02_input_20260905,Eunice,1,False,False,0,model_fold0_G,all_valid,,OOF_date_group_diagnostic,log1p_C,4.174387269895637,3.4006843176952497,0.5986162582435944
FREP-266974-G,R04_B1_all_valid_v1,B1_formal_pending_R04,R02_input_20260905,Eunice,1,False,False,0,model_fold0_G,all_valid,,OOF_date_group_diagnostic,log1p_C,4.219507705176107,3.509747995402373,0.5037588456180951
FREP-266977-G,R04_B1_all_valid_v1,B1_formal_pending_R04,R02_input_20260905,Eunice,1,False,False,0,model_fold0_G,all_valid,,OOF_date_group_diagnostic,log1p_C,5.91350300563827,3.154848296496759,7.610175804268634
FREP-266978-G,R04_B1_all_valid_v1,B1_formal_pending_R04,R02_input_20260905,Eunice,1,False,False,0,model_fold0_G,all_valid,,OOF_date_group_diagnostic,log1p_C,0.6931471805599453,3.5109678812465597,7.9401135012180015
FREP-266979-G,R04_B1_all_valid_v1,B1_formal_pending_R04,R02_input_20260905,Eunice,1,False,False,0,model_fold0_G,all_valid,,OOF_date_group_diagnostic,log1p_C,6.439350371100098,3.834300814328711,6.786283193234802
FREP-266982-G,R04_B1_all_valid_v1,B1_formal_pending_R04,R02_input_20260905,Eunice,1,False,False,0,model_fold0_G,all_valid,,OOF_date_group_diagnostic,log1p_C,2.9444389791664403,3.5147057362440366,0.3252041742277983
FREP-266984-G,R04_B1_all_valid_v1,B1_formal_pending_R04,R02_input_20260905,Eunice,1,False,False,0,model_fold0_G,all_valid,,OOF_date_group_diagnostic,log1p_C,7.666221925662725,3.568347038780746,16.792578588537996
FREP-266985-G,R04_B1_all_valid_v1,B1_formal_pending_R04,R02_input_20260905,Eunice,1,False,False,0,model_fold0_G,all_valid,,OOF_date_group_diagnostic,log1p_C,6.210600077024653,4.043245044788299,4.697427835760246
FREP-266986-G,R04_B1_all_valid_v1,B1_formal_pending_R04,R02_input_20260905,Eunice,1,False,False,0,model_fold0_G,all_valid,,OOF_date_group_diagnostic,log1p_C,6.569481420414296,3.5147057362440366,9.331654480597876
FREP-266993-G,R04_B1_all_valid_v1,B1_formal_pending_R04,R02_input_20260905,Eunice,1,False,False,0,model_fold0_G,all_valid,,OOF_date_group_diagnostic,log1p_C,5.575949103146316,3.5147057362440366,4.248724217598645
FREP-266994-G,R04_B1_all_valid_v1,B1_formal_pending_R04,R02_input_20260905,Eunice,1,False,False,0,model_fold0_G,all_valid,,OOF_date_group_diagnostic,log1p_C,3.9318256327243257,5.759768994923203,3.341376935406935
FREP-266995-G,R04_B1_all_valid_v1,B1_formal_pending_R04,R02_input_20260905,Eunice,1,False,False,0,model_fold0_G,all_valid,,OOF_date_group_diagnostic,log1p_C,5.82600010738045,4.07898274731046,3.052069656385918
FREP-266996-G,R04_B1_all_valid_v1,B1_formal_pending_R04,R02_input_20260905,Eunice,1,False,False,0,model_fold0_G,all_valid,,OOF_date_group_diagnostic,log1p_C,0.6931471805599453,3.7330966609905927,9.241292843570562
FREP-267000-G,R04_B1_all_valid_v1,B1_formal_pending_R04,R02_input_20260905,Eunice,1,False,False,0,model_fold0_G,all_valid,,OOF_date_group_diagnostic,log1p_C,5.87493073085203,3.6188170685546495,5.090048857204901
FREP-267002-G,R04_B1_all_valid_v1,B1_formal_pending_R04,R02_input_20260905,Eunice,1,False,False,0,model_fold0_G,all_valid,,OOF_date_group_diagnostic,log1p_C,6.0330862217988015,3.6855036063462654,5.51114413637497
FREP-267003-G,R04_B1_all_valid_v1,B1_formal_pending_R04,R02_input_20260905,Eunice,1,False,False,0,model_fold0_G,all_valid,,OOF_date_group_diagnostic,log1p_C,1.0986122886681098,3.3048555700939155,4.867509416836508
FREP-267004-G,R04_B1_all_valid_v1,B1_formal_pending_R04,R02_input_20260905,Eunice,1,False,False,0,model_fold0_G,all_valid,,OOF_date_group_diagnostic,log1p_C,6.495265555937008,3.8591684971125533,6.949007703542942
FREP-267006-G,R04_B1_all_valid_v1,B1_formal_pending_R04,R02_input_20260905,Eunice,1,False,False,0,model_fold0_G,all_valid,,OOF_date_group_diagnostic,log1p_C,5.560681631015528,3.5142067203694225,4.188059559903984
FREP-267007-G,R04_B1_all_valid_v1,B1_formal_pending_R04,R02_input_20260905,Eunice,1,False,False,0,model_fold0_G,all_valid,,OOF_date_group_diagnostic,log1p_C,7.170119543449628,3.6912851140856393,12.10228898692827
FREP-267019-G,R04_B1_all_valid_v1,B1_formal_pending_R04,R02_input_20260905,Eunice,1,False,False,0,model_fold0_G,all_valid,,OOF_date_group_diagnostic,log1p_C,6.86171134048073,3.6912851140856393,10.051602457013818
FREP-267022-G,R04_B1_all_valid_v1,B1_formal_pending_R04,R02_input_20260905,Eunice,1,False,False,0,model_fold0_G,all_valid,,OOF_date_group_diagnostic,log1p_C,5.303304908059076,3.776317113846007,2.3316917236756933
FREP-267026-G,R04_B1_all_valid_v1,B1_formal_pending_R04,R02_input_20260905,Eunice,1,False,False,0,model_fold0_G,all_valid,,OOF_date_group_diagnostic,log1p_C,1.791759469228055,3.5666951818882726,3.150396784076635
FREP-267031-G,R04_B1_all_valid_v1,B1_formal_pending_R04,R02_input_20260905,Eunice,1,False,False,0,model_fold0_G,all_valid,,OOF_date_group_diagnostic,log1p_C,8.016317898503415,3.6747448104787486,18.849256878660036
FREP-267032-G,R04_B1_all_valid_v1,B1_formal_pending_R04,R02_input_20260905,Eunice,1,False,False,0,model_fold0_G,all_valid,,OOF_date_group_diagnostic,log1p_C,6.285998094508865,3.568347038780746,7.38562726070016
FREP-267033-G,R04_B1_all_valid_v1,B1_formal_pending_R04,R02_input_20260905,Eunice,1,False,False,0,model_fold0_G,all_valid,,OOF_date_group_diagnostic,log1p_C,5.209486152841421,3.4709135228836683,3.0226347896382184
FREP-267034-G,R04_B1_all_valid_v1,B1_formal_pending_R04,R02_input_20260905,Eunice,1,False,False,0,model_fold0_G,all_valid,,OOF_date_group_diagnostic,log1p_C,3.7612001156935624,3.414105818903475,0.12047445086420529
FREP-267037-G,R04_B1_all_valid_v1,B1_formal_pending_R04,R02_input_20260905,Eunice,1,False,False,0,model_fold0_G,all_valid,,OOF_date_group_diagnostic,log1p_C,6.192362489474872,3.618210801868223,6.626256910808162
FREP-267043-G,R04_B1_all_valid_v1,B1_formal_pending_R04,R02_input_20260905,Eunice,1,False,False,0,model_fold0_G,all_valid,,OOF_date_group_diagnostic,log1p_C,5.831882477283517,3.7916231338358717,4.162658188525416
FREP-267046-G,R04_B1_all_valid_v1,B1_formal_pending_R04,R02_input_20260905,Eunice,1,False,False,0,model_fold0_G,all_valid,,OOF_date_group_diagnostic,log1p_C,5.752572638825633,4.22551351817881,2.3319095579506475
FREP-267047-G,R04_B1_all_valid_v1,B1_formal_pending_R04,R02_input_20260905,Eunice,1,False,False,0,model_fold0_G,all_valid,,OOF_date_group_diagnostic,log1p_C,4.7535901911063645,3.6912851140856393,1.128492076664009
FREP-267048-G,R04_B1_all_valid_v1,B1_formal_pending_R04,R02_input_20260905,Eunice,1,False,False,0,model_fold0_G,all_valid,,OOF_date_group_diagnostic,log1p_C,7.2254814727822945,3.8591684971125533,11.332063050162468
FREP-267049-G,R04_B1_all_valid_v1,B1_formal_pending_R04,R02_input_20260905,Eunice,1,False,False,0,model_fold0_G,all_valid,,OOF_date_group_diagnostic,log1p_C,5.1647859739235145,3.6912851140856393,2.1712047839429576
FREP-267050-G,R04_B1_all_valid_v1,B1_formal_pending_R04,R02_input_20260905,Eunice,1,False,False,0,model_fold0_G,all_valid,,OOF_date_group_diagnostic,log1p_C,0.6931471805599453,3.9787972415291173,10.795496323146724
FREP-267051-G,R04_B1_all_valid_v1,B1_formal_pending_R04,R02_input_20260905,Eunice,1,False,False,0,model_fold0_G,all_valid,,OOF_date_group_diagnostic,log1p_C,5.840641657373398,3.406060102289393,5.927187348355252
FREP-267055-G,R04_B1_all_valid_v1,B1_formal_pending_R04,R02_input_20260905,Eunice,1,False,False,0,model_fold0_G,all_valid,,OOF_date_group_diagnostic,log1p_C,4.727387818712341,3.6747448104787486,1.1080573027830665
FREP-267056-G,R04_B1_all_valid_v1,B1_formal_pending_R04,R02_input_20260905,Eunice,1,False,False,0,model_fold0_G,all_valid,,OOF_date_group_diagnostic,log1p_C,4.897839799950911,3.6747448104787486,1.4959613532719094
FREP-267058-G,R04_B1_all_valid_v1,B1_formal_pending_R04,R02_input_20260905,Eunice,1,False,False,0,model_fold0_G,all_valid,,OOF_date_group_diagnostic,log1p_C,5.3612921657094255,3.704946039316961,2.7434824904153223
FREP-267060-G,R04_B1_all_valid_v1,B1_formal_pending_R04,R02_input_20260905,Eunice,1,False,False,0,model_fold0_G,all_valid,,OOF_date_group_diagnostic,log1p_C,6.210600077024653,3.7700053760101966,5.956502494619842
FREP-267063-G,R04_B1_all_valid_v1,B1_formal_pending_R04,R02_input_20260905,Eunice,1,False,False,0,model_fold0_G,all_valid,,OOF_date_group_diagnostic,log1p_C,4.564348191467836,3.5147057362440366,1.1017492838082459
FREP-267064-G,R04_B1_all_valid_v1,B1_formal_pending_R04,R02_input_20260905,Eunice,1,False,False,0,model_fold0_G,all_valid,,OOF_date_group_diagnostic,log1p_C,7.628517626575055,3.834300814328711,14.396081218332812
FREP-267067-G,R04_B1_all_valid_v1,B1_formal_pending_R04,R02_input_20260905,Eunice,1,False,False,0,model_fold0_G,all_valid,,OOF_date_group_diagnostic,log1p_C,7.575071699507561,3.704946039316961,14.977872625665725
FREP-267070-G,R04_B1_all_valid_v1,B1_formal_pending_R04,R02_input_20260905,Eunice,1,False,False,0,model_fold0_G,all_valid,,OOF_date_group_diagnostic,log1p_C,6.401917196727186,3.5666951818882726,8.038483873427227
FREP-267071-G,R04_B1_all_valid_v1,B1_formal_pending_R04,R02_input_20260905,Eunice,1,False,False,0,model_fold0_G,all_valid,,OOF_date_group_diagnostic,log1p_C,6.92951677076365,3.7700053760101966,9.98251225357691
FREP-267072-G,R04_B1_all_valid_v1,B1_formal_pending_R04,R02_input_20260905,Eunice,1,False,False,0,model_fold0_G,all_valid,,OOF_date_group_diagnostic,log1p_C,6.244166900663736,3.3153771660215834,8.577809309745254
FREP-267074-G,R04_B1_all_valid_v1,B1_formal_pending_R04,R02_input_20260905,Eunice,1,False,False,0,model_fold0_G,all_valid,,OOF_date_group_diagnostic,log1p_C,4.983606621708336,3.2351853220137157,3.0569770412258266
FREP-267078-G,R04_B1_all_valid_v1,B1_formal_pending_R04,R02_input_20260905,Eunice,1,False,False,0,model_fold0_G,all_valid,,OOF_date_group_diagnostic,log1p_C,2.4849066497880004,2.977869015040769,0.24301189355560426
FREP-267079-G,R04_B1_all_valid_v1,B1_formal_pending_R04,R02_input_20260905,Eunice,1,False,False,0,model_fold0_G,all_valid,,OOF_date_group_diagnostic,log1p_C,4.77912349311153,4.331871454397474,0.2000343861338792
FREP-267080-G,R04_B1_all_valid_v1,B1_formal_pending_R04,R02_input_20260905,Eunice,1,False,False,0,model_fold0_G,all_valid,,OOF_date_group_diagnostic,log1p_C,6.643789733147672,3.58852858553701,9.33462068009922
FREP-267082-G,R04_B1_all_valid_v1,B1_formal_pending_R04,R02_input_20260905,Eunice,1,False,False,0,model_fold0_G,all_valid,,OOF_date_group_diagnostic,log1p_C,3.9889840465642745,3.3547536392807467,0.40224820952302964
FREP-267083-G,R04_B1_all_valid_v1,B1_formal_pending_R04,R02_input_20260905,Eunice,1,False,False,0,model_fold0_G,all_valid,,OOF_date_group_diagnostic,log1p_C,3.6375861597263857,3.704946039316961,0.004537353378456791
FREP-267084-G,R04_B1_all_valid_v1,B1_formal_pending_R04,R02_input_20260905,Eunice,1,False,False,0,model_fold0_G,all_valid,,OOF_date_group_diagnostic,log1p_C,5.5134287461649825,4.140522712876902,1.8848709762388114
FREP-267088-G,R04_B1_all_valid_v1,B1_formal_pending_R04,R02_input_20260905,Eunice,1,False,False,0,model_fold0_G,all_valid,,OOF_date_group_diagnostic,log1p_C,5.929589143389895,3.566844918585093,5.582560271848443
FREP-267089-G,R04_B1_all_valid_v1,B1_formal_pending_R04,R02_input_20260905,Eunice,1,False,False,0,model_fold0_G,all_valid,,OOF_date_group_diagnostic,log1p_C,6.484635235635252,3.5430156148598715,8.653125993330692
FREP-267090-G,R04_B1_all_valid_v1,B1_formal_pending_R04,R02_input_20260905,Eunice,1,False,False,0,model_fold0_G,all_valid,,OOF_date_group_diagnostic,log1p_C,3.9512437185814275,3.3510396927556956,0.3602448726174159
FREP-267091-G,R04_B1_all_valid_v1,B1_formal_pending_R04,R02_input_20260905,Eunice,1,False,False,0,model_fold0_G,all_valid,,OOF_date_group_diagnostic,log1p_C,5.8805329864007,3.119475523044507,7.623438315954938
FREP-267093-G,R04_B1_all_valid_v1,B1_formal_pending_R04,R02_input_20260905,Eunice,1,False,False,0,model_fold0_G,all_valid,,OOF_date_group_diagnostic,log1p_C,2.3978952727983707,4.011318092582703,2.6031331954008277
FREP-267094-G,R04_B1_all_valid_v1,B1_formal_pending_R04,R02_input_20260905,Eunice,1,False,False,0,model_fold0_G,all_valid,,OOF_date_group_diagnostic,log1p_C,6.966024187106113,3.553150663992676,11.647705684768722
FREP-267095-G,R04_B1_all_valid_v1,B1_formal_pending_R04,R02_input_20260905,Eunice,1,False,False,0,model_fold0_G,all_valid,,OOF_date_group_diagnostic,log1p_C,4.356708826689592,3.133568011165708,1.4960734546004317
FREP-267097-G,R04_B1_all_valid_v1,B1_formal_pending_R04,R02_input_20260905,Eunice,1,False,False,0,model_fold0_G,all_valid,,OOF_date_group_diagnostic,log1p_C,6.0014148779611505,3.509747995402373,6.208403853640177
FREP-267099-G,R04_B1_all_valid_v1,B1_formal_pending_R04,R02_input_20260905,Eunice,1,False,False,0,model_fold0_G,all_valid,,OOF_date_group_diagnostic,log1p_C,4.859812404361672,3.568347038780746,1.667882790495075
FREP-267100-G,R04_B1_all_valid_v1,B1_formal_pending_R04,R02_input_20260905,Eunice,1,False,False,0,model_fold0_G,all_valid,,OOF_date_group_diagnostic,log1p_C,4.736198448394496,3.704946039316961,1.063481531228219
FREP-267102-G,R04_B1_all_valid_v1,B1_formal_pending_R04,R02_input_20260905,Eunice,1,False,False,0,model_fold0_G,all_valid,,OOF_date_group_diagnostic,log1p_C,5.521460917862246,3.553150663992676,3.8742452554880913
FREP-267108-G,R04_B1_all_valid_v1,B1_formal_pending_R04,R02_input_20260905,Eunice,1,False,False,0,model_fold0_G,all_valid,,OOF_date_group_diagnostic,log1p_C,2.9444389791664403,3.627525511131302,0.46660721015178214
FREP-267109-G,R04_B1_all_valid_v1,B1_formal_pending_R04,R02_input_20260905,Eunice,1,False,False,0,model_fold0_G,all_valid,,OOF_date_group_diagnostic,log1p_C,5.755742213586912,3.6855036063462654,4.285887890909693
FREP-267110-G,R04_B1_all_valid_v1,B1_formal_pending_R04,R02_input_20260905,Eunice,1,False,False,0,model_fold0_G,all_valid,,OOF_date_group_diagnostic,log1p_C,5.5134287461649825,3.7973660134184417,2.944871302721525
FREP-267111-G,R04_B1_all_valid_v1,B1_formal_pending_R04,R02_input_20260905,Eunice,1,False,False,0,model_fold0_G,all_valid,,OOF_date_group_diagnostic,log1p_C,4.007333185232471,3.2097930055670267,0.6360703381807894
FREP-267112-G,R04_B1_all_valid_v1,B1_formal_pending_R04,R02_input_20260905,Eunice,1,False,False,0,model_fold0_G,all_valid,,OOF_date_group_diagnostic,log1p_C,6.396929655216146,3.553150663992676,8.087078950923978
FREP-267113-G,R04_B1_all_valid_v1,B1_formal_pending_R04,R02_input_20260905,Eunice,1,False,False,0,model_fold0_G,all_valid,,OOF_date_group_diagnostic,log1p_C,6.431331081933479,3.372977268982296,9.353528045193038
FREP-267117-G,R04_B1_all_valid_v1,B1_formal_pending_R04,R02_input_20260905,Eunice,1,False,False,0,model_fold0_G,all_valid,,OOF_date_group_diagnostic,log1p_C,4.30406509320417,3.414105818903475,0.7920275099138201
FREP-267132-G,R04_B1_all_valid_v1,B1_formal_pending_R04,R02_input_20260905,Franklin,1,False,False,4,model_fold4_G,all_valid,,OOF_date_group_diagnostic,log1p_C,2.4849066497880004,2.991079540432753,0.25621099522366453
FREP-267134-G,R04_B1_all_valid_v1,B1_formal_pending_R04,R02_input_20260905,Eunice,1,False,False,0,model_fold0_G,all_valid,,OOF_date_group_diagnostic,log1p_C,7.080867896690782,3.202945774336312,15.038279987046193
FREP-267142-G,R04_B1_all_valid_v1,B1_formal_pending_R04,R02_input_20260905,Eunice,1,False,False,0,model_fold0_G,all_valid,,OOF_date_group_diagnostic,log1p_C,5.736572297479192,3.7916231338358717,3.7828272491568518
FREP-267146-G,R04_B1_all_valid_v1,B1_formal_pending_R04,R02_input_20260905,Eunice,1,False,False,0,model_fold0_G,all_valid,,OOF_date_group_diagnostic,log1p_C,2.772588722239781,3.3397447177205883,0.3216659232098254
FREP-267147-G,R04_B1_all_valid_v1,B1_formal_pending_R04,R02_input_20260905,Eunice,1,False,False,0,model_fold0_G,all_valid,,OOF_date_group_diagnostic,log1p_C,7.087573705557973,3.085490287694892,16.01667168353464
FREP-267152-G,R04_B1_all_valid_v1,B1_formal_pending_R04,R02_input_20260905,Eunice,1,False,False,0,model_fold0_G,all_valid,,OOF_date_group_diagnostic,log1p_C,7.087573705557973,5.415232127595642,2.7967263533815383
FREP-267154-G,R04_B1_all_valid_v1,B1_formal_pending_R04,R02_input_20260905,Eunice,1,False,False,0,model_fold0_G,all_valid,,OOF_date_group_diagnostic,log1p_C,5.0689042022202315,3.704946039316961,1.860381870150465
FREP-267157-G,R04_B1_all_valid_v1,B1_formal_pending_R04,R02_input_20260905,Eunice,1,False,False,0,model_fold0_G,all_valid,,OOF_date_group_diagnostic,log1p_C,6.267200548541362,3.6855036063462654,6.665159101339515
FREP-267161-G,R04_B1_all_valid_v1,B1_formal_pending_R04,R02_input_20260905,Eunice,1,False,False,0,model_fold0_G,all_valid,,OOF_date_group_diagnostic,log1p_C,6.6039438246004725,3.2097930055670267,11.520259782345411
FREP-267165-G,R04_B1_all_valid_v1,B1_formal_pending_R04,R02_input_20260905,Eunice,1,False,False,0,model_fold0_G,all_valid,,OOF_date_group_diagnostic,log1p_C,0.0,3.812211519775081,14.532956671505834
FREP-267167-G,R04_B1_all_valid_v1,B1_formal_pending_R04,R02_input_20260905,Eunice,1,False,False,0,model_fold0_G,all_valid,,OOF_date_group_diagnostic,log1p_C,5.929589143389895,3.5962463451533138,5.444488614082517
FREP-267168-G,R04_B1_all_valid_v1,B1_formal_pending_R04,R02_input_20260905,Eunice,1,False,False,0,model_fold0_G,all_valid,,OOF_date_group_diagnostic,log1p_C,7.2640301428995295,4.79873501118659,6.077680086447519
FREP-267170-G,R04_B1_all_valid_v1,B1_formal_pending_R04,R02_input_20260905,Eunice,1,False,False,0,model_fold0_G,all_valid,,OOF_date_group_diagnostic,log1p_C,5.5134287461649825,3.6912851140856393,3.3202074159273005
FREP-267171-G,R04_B1_all_valid_v1,B1_formal_pending_R04,R02_input_20260905,Eunice,1,False,False,0,model_fold0_G,all_valid,,OOF_date_group_diagnostic,log1p_C,7.396948602621014,3.6211308742326764,14.256799518011663
FREP-267173-G,R04_B1_all_valid_v1,B1_formal_pending_R04,R02_input_20260905,Eunice,1,False,False,0,model_fold0_G,all_valid,,OOF_date_group_diagnostic,log1p_C,6.650279048587422,3.553150663992676,9.592204230662464
FREP-267176-G,R04_B1_all_valid_v1,B1_formal_pending_R04,R02_input_20260905,Eunice,1,False,False,0,model_fold0_G,all_valid,,OOF_date_group_diagnostic,log1p_C,4.7535901911063645,3.6998705626635022,1.1103250553657638
FREP-267179-G,R04_B1_all_valid_v1,B1_formal_pending_R04,R02_input_20260905,Eunice,1,False,False,0,model_fold0_G,all_valid,,OOF_date_group_diagnostic,log1p_C,7.415776975415394,3.6211308742326764,14.3993390332212
FREP-267181-G,R04_B1_all_valid_v1,B1_formal_pending_R04,R02_input_20260905,Eunice,1,False,False,0,model_fold0_G,all_valid,,OOF_date_group_diagnostic,log1p_C,3.970291913552122,4.749231835047284,0.6067474012988888
FREP-267182-G,R04_B1_all_valid_v1,B1_formal_pending_R04,R02_input_20260905,Eunice,1,False,False,0,model_fold0_G,all_valid,,OOF_date_group_diagnostic,log1p_C,4.532599493153256,3.389427746662366,1.306841641975032
FREP-267185-G,R04_B1_all_valid_v1,B1_formal_pending_R04,R02_input_20260905,Eunice,1,False,False,0,model_fold0_G,all_valid,,OOF_date_group_diagnostic,log1p_C,6.522092798170152,4.5030870813509845,4.07638408454848
FREP-267189-G,R04_B1_all_valid_v1,B1_formal_pending_R04,R02_input_20260905,Eunice,1,False,False,0,model_fold0_G,all_valid,,OOF_date_group_diagnostic,log1p_C,3.295836866004329,4.621076761680923,1.7562607810929098
FREP-267193-G,R04_B1_all_valid_v1,B1_formal_pending_R04,R02_input_20260905,Eunice,1,False,False,0,model_fold0_G,all_valid,,OOF_date_group_diagnostic,log1p_C,5.049856007249537,4.460716376783413,0.34708550418576123
FREP-267196-G,R04_B1_all_valid_v1,B1_formal_pending_R04,R02_input_20260905,Eunice,1,False,False,0,model_fold0_G,all_valid,,OOF_date_group_diagnostic,log1p_C,4.624972813284271,4.765433932817996,0.01972932610066747
FREP-267200-G,R04_B1_all_valid_v1,B1_formal_pending_R04,R02_input_20260905,Eunice,1,False,False,0,model_fold0_G,all_valid,,OOF_date_group_diagnostic,log1p_C,5.68697535633982,4.5030870813509845,1.4015914476560412
FREP-267201-G,R04_B1_all_valid_v1,B1_formal_pending_R04,R02_input_20260905,Eunice,1,False,False,0,model_fold0_G,all_valid,,OOF_date_group_diagnostic,log1p_C,5.560681631015528,4.032716634810196,2.3346770296287587
FREP-267204-G,R04_B1_all_valid_v1,B1_formal_pending_R04,R02_input_20260905,Eunice,1,False,False,0,model_fold0_G,all_valid,,OOF_date_group_diagnostic,log1p_C,5.713732805509369,4.738672335775777,0.9507429196370923
FREP-267205-G,R04_B1_all_valid_v1,B1_formal_pending_R04,R02_input_20260905,Eunice,1,False,False,0,model_fold0_G,all_valid,,OOF_date_group_diagnostic,log1p_C,1.791759469228055,4.303792585596157,6.310310377730039
FREP-267206-G,R04_B1_all_valid_v1,B1_formal_pending_R04,R02_input_20260905,Eunice,1,False,False,0,model_fold0_G,all_valid,,OOF_date_group_diagnostic,log1p_C,7.440146680662688,4.89550518155,6.47520035900647
FREP-267207-G,R04_B1_all_valid_v1,B1_formal_pending_R04,R02_input_20260905,Eunice,1,False,False,0,model_fold0_G,all_valid,,OOF_date_group_diagnostic,log1p_C,6.647688373563329,3.119475523044507,12.448285918566155
FREP-267209-G,R04_B1_all_valid_v1,B1_formal_pending_R04,R02_input_20260905,Eunice,1,False,False,0,model_fold0_G,all_valid,,OOF_date_group_diagnostic,log1p_C,0.6931471805599453,2.924074064364671,4.977034760882663
FREP-267213-G,R04_B1_all_valid_v1,B1_formal_pending_R04,R02_input_20260905,Eunice,1,False,False,0,model_fold0_G,all_valid,,OOF_date_group_diagnostic,log1p_C,3.9889840465642745,4.7947479980754,0.6492555455548237
FREP-267217-G,R04_B1_all_valid_v1,B1_formal_pending_R04,R02_input_20260905,Eunice,1,False,False,0,model_fold0_G,all_valid,,OOF_date_group_diagnostic,log1p_C,4.51085950651685,4.704545924649414,0.03751442856902265
FREP-267219-G,R04_B1_all_valid_v1,B1_formal_pending_R04,R02_input_20260905,Eunice,1,False,False,0,model_fold0_G,all_valid,,OOF_date_group_diagnostic,log1p_C,7.48605261786314,4.461722094402137,9.146575115137907
FREP-267220-G,R04_B1_all_valid_v1,B1_formal_pending_R04,R02_input_20260905,Eunice,1,False,False,0,model_fold0_G,all_valid,,OOF_date_group_diagnostic,log1p_C,4.3694478524670215,3.6747448104787486,0.4826123165477601
FREP-267223-G,R04_B1_all_valid_v1,B1_formal_pending_R04,R02_input_20260905,Eunice,1,False,False,0,model_fold0_G,all_valid,,OOF_date_group_diagnostic,log1p_C,6.507277712385012,4.707295726324102,3.239935150143775
FREP-267224-G,R04_B1_all_valid_v1,B1_formal_pending_R04,R02_input_20260905,Eunice,1,False,False,0,model_fold0_G,all_valid,,OOF_date_group_diagnostic,log1p_C,5.298317366548036,4.277122456810149,1.0428390436745716
FREP-267227-G,R04_B1_all_valid_v1,B1_formal_pending_R04,R02_input_20260905,Eunice,1,False,False,0,model_fold0_G,all_valid,,OOF_date_group_diagnostic,log1p_C,5.66988092298052,3.6211308742326764,4.19737676224429
FREP-267228-G,R04_B1_all_valid_v1,B1_formal_pending_R04,R02_input_20260905,Eunice,1,False,False,0,model_fold0_G,all_valid,,OOF_date_group_diagnostic,log1p_C,3.332204510175204,5.029364570145462,2.8803522691582493
FREP-267230-G,R04_B1_all_valid_v1,B1_formal_pending_R04,R02_input_20260905,Eunice,1,False,False,0,model_fold0_G,all_valid,,OOF_date_group_diagnostic,log1p_C,6.293419278846481,4.6688666785221,2.6391711512207077
FREP-267232-G,R04_B1_all_valid_v1,B1_formal_pending_R04,R02_input_20260905,Eunice,1,False,False,0,model_fold0_G,all_valid,,OOF_date_group_diagnostic,log1p_C,7.3833681469923835,4.738672335775777,6.994415933866663
FREP-267233-G,R04_B1_all_valid_v1,B1_formal_pending_R04,R02_input_20260905,Eunice,1,False,False,0,model_fold0_G,all_valid,,OOF_date_group_diagnostic,log1p_C,5.556828061699537,4.627324592286093,0.8639766996516302
FREP-267236-G,R04_B1_all_valid_v1,B1_formal_pending_R04,R02_input_20260905,Eunice,1,False,False,0,model_fold0_G,all_valid,,OOF_date_group_diagnostic,log1p_C,7.967973179662935,4.556943612956264,11.6351227049471
FREP-267237-G,R04_B1_all_valid_v1,B1_formal_pending_R04,R02_input_20260905,Eunice,1,False,False,0,model_fold0_G,all_valid,,OOF_date_group_diagnostic,log1p_C,1.0986122886681098,3.2131028023511012,4.471070132455361
FREP-267238-G,R04_B1_all_valid_v1,B1_formal_pending_R04,R02_input_20260905,Eunice,1,False,False,0,model_fold0_G,all_valid,,OOF_date_group_diagnostic,log1p_C,6.4457198193855785,4.531806931235761,3.663062543425976
FREP-267241-G,R04_B1_all_valid_v1,B1_formal_pending_R04,R02_input_20260905,Eunice,1,False,False,0,model_fold0_G,all_valid,,OOF_date_group_diagnostic,log1p_C,4.709530201312334,4.531806931235761,0.031585560726710496
FREP-267243-G,R04_B1_all_valid_v1,B1_formal_pending_R04,R02_input_20260905,Eunice,1,False,False,0,model_fold0_G,all_valid,,OOF_date_group_diagnostic,log1p_C,1.791759469228055,4.919329204829563,9.781692451050489
FREP-267249-G,R04_B1_all_valid_v1,B1_formal_pending_R04,R02_input_20260905,Eunice,1,False,False,0,model_fold0_G,all_valid,,OOF_date_group_diagnostic,log1p_C,0.6931471805599453,4.1002583140750675,11.6084062761227
FREP-267250-G,R04_B1_all_valid_v1,B1_formal_pending_R04,R02_input_20260905,Eunice,1,False,False,0,model_fold0_G,all_valid,,OOF_date_group_diagnostic,log1p_C,5.081404364984463,4.9957639225001085,0.007334285388916057
FREP-267252-G,R04_B1_all_valid_v1,B1_formal_pending_R04,R02_input_20260905,Eunice,1,False,False,0,model_fold0_G,all_valid,,OOF_date_group_diagnostic,log1p_C,3.8066624897703196,3.2254653641757693,0.33779009879936744
FREP-267254-G,R04_B1_all_valid_v1,B1_formal_pending_R04,R02_input_20260905,Eunice,1,False,False,0,model_fold0_G,all_valid,,OOF_date_group_diagnostic,log1p_C,6.016157159698354,4.28445465917623,2.9987935503145753
FREP-267255-G,R04_B1_all_valid_v1,B1_formal_pending_R04,R02_input_20260905,Eunice,1,False,False,0,model_fold0_G,all_valid,,OOF_date_group_diagnostic,log1p_C,3.9318256327243257,4.621076761680923,0.47506711876794416
FREP-267257-G,R04_B1_all_valid_v1,B1_formal_pending_R04,R02_input_20260905,Eunice,1,False,False,0,model_fold0_G,all_valid,,OOF_date_group_diagnostic,log1p_C,6.851184927493743,4.6688666785221,4.762512939794657
FREP-267258-G,R04_B1_all_valid_v1,B1_formal_pending_R04,R02_input_20260905,Eunice,1,False,False,0,model_fold0_G,all_valid,,OOF_date_group_diagnostic,log1p_C,1.0986122886681098,4.441963673857738,11.177998484849404
FREP-267263-G,R04_B1_all_valid_v1,B1_formal_pending_R04,R02_input_20260905,Eunice,1,False,False,0,model_fold0_G,all_valid,,OOF_date_group_diagnostic,log1p_C,5.730099782973574,4.321454603956305,1.984281240368595
FREP-267266-G,R04_B1_all_valid_v1,B1_formal_pending_R04,R02_input_20260905,Eunice,1,False,False,0,model_fold0_G,all_valid,,OOF_date_group_diagnostic,log1p_C,0.6931471805599453,3.2131028023511012,6.350176335796851
FREP-267271-G,R04_B1_all_valid_v1,B1_formal_pending_R04,R02_input_20260905,Eunice,1,False,False,0,model_fold0_G,all_valid,,OOF_date_group_diagnostic,log1p_C,1.6094379124341003,4.347994432257752,7.4996918122686305
FREP-267272-G,R04_B1_all_valid_v1,B1_formal_pending_R04,R02_input_20260905,Eunice,1,False,False,0,model_fold0_G,all_valid,,OOF_date_group_diagnostic,log1p_C,5.043425116919247,4.391688970627083,0.42476000438376077
FREP-267274-G,R04_B1_all_valid_v1,B1_formal_pending_R04,R02_input_20260905,Eunice,1,False,False,0,model_fold0_G,all_valid,,OOF_date_group_diagnostic,log1p_C,3.258096538021482,4.634858179865558,1.8954726184531965
FREP-267275-G,R04_B1_all_valid_v1,B1_formal_pending_R04,R02_input_20260905,Eunice,1,False,False,0,model_fold0_G,all_valid,,OOF_date_group_diagnostic,log1p_C,3.2188758248682006,4.391919058542592,1.3760304280692723
FREP-267277-G,R04_B1_all_valid_v1,B1_formal_pending_R04,R02_input_20260905,Eunice,1,False,False,0,model_fold0_G,all_valid,,OOF_date_group_diagnostic,log1p_C,6.021023349349527,3.8724820631392993,4.616229658549898
FREP-267280-G,R04_B1_all_valid_v1,B1_formal_pending_R04,R02_input_20260905,Eunice,1,False,False,0,model_fold0_G,all_valid,,OOF_date_group_diagnostic,log1p_C,4.762173934797756,4.5030870813509845,0.06712599762894904
FREP-267281-G,R04_B1_all_valid_v1,B1_formal_pending_R04,R02_input_20260905,Eunice,1,False,False,0,model_fold0_G,all_valid,,OOF_date_group_diagnostic,log1p_C,8.549466751966532,4.556943612956264,15.940241015532408
FREP-267285-G,R04_B1_all_valid_v1,B1_formal_pending_R04,R02_input_20260905,Eunice,1,False,False,0,model_fold0_G,all_valid,,OOF_date_group_diagnostic,log1p_C,5.529429087511423,4.589432124690409,0.8835942901127322
FREP-267287-G,R04_B1_all_valid_v1,B1_formal_pending_R04,R02_input_20260905,Eunice,1,False,False,0,model_fold0_G,all_valid,,OOF_date_group_diagnostic,log1p_C,0.6931471805599453,2.932172147066488,5.013232800639623
FREP-267289-G,R04_B1_all_valid_v1,B1_formal_pending_R04,R02_input_20260905,Eunice,1,False,False,0,model_fold0_G,all_valid,,OOF_date_group_diagnostic,log1p_C,5.552959584921617,4.359274550918905,1.424883960402056
FREP-267296-G,R04_B1_all_valid_v1,B1_formal_pending_R04,R02_input_20260905,Eunice,1,False,False,0,model_fold0_G,all_valid,,OOF_date_group_diagnostic,log1p_C,6.124683390894205,3.692677655178315,5.914651898554988
FREP-267300-G,R04_B1_all_valid_v1,B1_formal_pending_R04,R02_input_20260905,Eunice,1,False,False,0,model_fold0_G,all_valid,,OOF_date_group_diagnostic,log1p_C,3.4011973816621555,4.581455127080928,1.3930083456210043
FREP-267301-G,R04_B1_all_valid_v1,B1_formal_pending_R04,R02_input_20260905,Eunice,1,False,False,0,model_fold0_G,all_valid,,OOF_date_group_diagnostic,log1p_C,7.949091499830517,4.277122456810149,13.483356652899914
FREP-267303-G,R04_B1_all_valid_v1,B1_formal_pending_R04,R02_input_20260905,Eunice,1,False,False,0,model_fold0_G,all_valid,,OOF_date_group_diagnostic,log1p_C,6.826545223556594,4.589432124690409,5.004675017118667
FREP-267304-G,R04_B1_all_valid_v1,B1_formal_pending_R04,R02_input_20260905,Eunice,1,False,False,0,model_fold0_G,all_valid,,OOF_date_group_diagnostic,log1p_C,5.147494476813453,4.634858179865558,0.26279597294844975
FREP-267305-G,R04_B1_all_valid_v1,B1_formal_pending_R04,R02_input_20260905,Eunice,1,False,False,0,model_fold0_G,all_valid,,OOF_date_group_diagnostic,log1p_C,0.6931471805599453,3.6912851140856393,8.988831068445718
FREP-267306-G,R04_B1_all_valid_v1,B1_formal_pending_R04,R02_input_20260905,Eunice,1,False,False,0,model_fold0_G,all_valid,,OOF_date_group_diagnostic,log1p_C,4.969813299576001,4.621076761680923,0.12161717286304484
FREP-267309-G,R04_B1_all_valid_v1,B1_formal_pending_R04,R02_input_20260905,Eunice,1,False,False,0,model_fold0_G,all_valid,,OOF_date_group_diagnostic,log1p_C,1.6094379124341003,5.583316716652274,15.791712750614463
FREP-267311-G,R04_B1_all_valid_v1,B1_formal_pending_R04,R02_input_20260905,Eunice,1,False,False,0,model_fold0_G,all_valid,,OOF_date_group_diagnostic,log1p_C,9.559023465985362,5.05044149393004,20.327311398742257
FREP-267315-G,R04_B1_all_valid_v1,B1_formal_pending_R04,R02_input_20260905,Eunice,1,False,False,0,model_fold0_G,all_valid,,OOF_date_group_diagnostic,log1p_C,6.12029741895095,4.621076761680923,2.247662579185172
FREP-267317-G,R04_B1_all_valid_v1,B1_formal_pending_R04,R02_input_20260905,Eunice,1,False,False,0,model_fold0_G,all_valid,,OOF_date_group_diagnostic,log1p_C,5.0689042022202315,4.79873501118659,0.07299139178377224
FREP-267318-G,R04_B1_all_valid_v1,B1_formal_pending_R04,R02_input_20260905,Eunice,1,False,False,0,model_fold0_G,all_valid,,OOF_date_group_diagnostic,log1p_C,3.4011973816621555,5.506528102686322,4.432417444888137
FREP-267320-G,R04_B1_all_valid_v1,B1_formal_pending_R04,R02_input_20260905,Eunice,1,False,False,0,model_fold0_G,all_valid,,OOF_date_group_diagnostic,log1p_C,6.07073772800249,4.7450839813994605,1.7573578558826481
FREP-267323-G,R04_B1_all_valid_v1,B1_formal_pending_R04,R02_input_20260905,Eunice,1,False,False,0,model_fold0_G,all_valid,,OOF_date_group_diagnostic,log1p_C,4.31748811353631,4.560118121299963,0.05886932066739029
FREP-267325-G,R04_B1_all_valid_v1,B1_formal_pending_R04,R02_input_20260905,Eunice,1,False,False,0,model_fold0_G,all_valid,,OOF_date_group_diagnostic,log1p_C,2.1972245773362196,2.5485577477425276,0.1234349966277479
FREP-267327-G,R04_B1_all_valid_v1,B1_formal_pending_R04,R02_input_20260905,Eunice,1,False,False,0,model_fold0_G,all_valid,,OOF_date_group_diagnostic,log1p_C,5.198497031265826,4.5030870813509845,0.48359499844056253
FREP-267328-G,R04_B1_all_valid_v1,B1_formal_pending_R04,R02_input_20260905,Eunice,1,False,False,0,model_fold0_G,all_valid,,OOF_date_group_diagnostic,log1p_C,5.5254529391317835,4.1002583140750675,2.031179719290553
FREP-267329-G,R04_B1_all_valid_v1,B1_formal_pending_R04,R02_input_20260905,Eunice,1,False,False,0,model_fold0_G,all_valid,,OOF_date_group_diagnostic,log1p_C,7.4377951216719325,4.388044988964123,9.300975871951302
FREP-267331-G,R04_B1_all_valid_v1,B1_formal_pending_R04,R02_input_20260905,Eunice,1,False,False,0,model_fold0_G,all_valid,,OOF_date_group_diagnostic,log1p_C,4.844187086458591,5.089448923084476,0.060153368505102396
FREP-267334-G,R04_B1_all_valid_v1,B1_formal_pending_R04,R02_input_20260905,Eunice,1,False,False,0,model_fold0_G,all_valid,,OOF_date_group_diagnostic,log1p_C,5.117993812416755,5.454451626730799,0.1132038608129837
FREP-267338-G,R04_B1_all_valid_v1,B1_formal_pending_R04,R02_input_20260905,Eunice,1,False,False,0,model_fold0_G,all_valid,,OOF_date_group_diagnostic,log1p_C,6.1092475827643655,5.147584036237436,0.9247967767187514
FREP-267341-G,R04_B1_all_valid_v1,B1_formal_pending_R04,R02_input_20260905,Eunice,1,False,False,0,model_fold0_G,all_valid,,OOF_date_group_diagnostic,log1p_C,6.52795791762255,4.8783372715077284,2.721248276088282
FREP-267343-G,R04_B1_all_valid_v1,B1_formal_pending_R04,R02_input_20260905,Eunice,1,False,False,0,model_fold0_G,all_valid,,OOF_date_group_diagnostic,log1p_C,3.4965075614664802,3.873291381407472,0.1419660469693256
FREP-267345-G,R04_B1_all_valid_v1,B1_formal_pending_R04,R02_input_20260905,Eunice,1,False,False,0,model_fold0_G,all_valid,,OOF_date_group_diagnostic,log1p_C,3.2188758248682006,3.406060102289393,0.03503795371369395
FREP-267346-G,R04_B1_all_valid_v1,B1_formal_pending_R04,R02_input_20260905,Eunice,1,False,False,0,model_fold0_G,all_valid,,OOF_date_group_diagnostic,log1p_C,1.3862943611198906,4.761424883061157,11.391506040139527
FREP-267351-G,R04_B1_all_valid_v1,B1_formal_pending_R04,R02_input_20260905,Eunice,1,False,False,0,model_fold0_G,all_valid,,OOF_date_group_diagnostic,log1p_C,1.3862943611198906,3.5430156148598715,4.651446566333756
FREP-267352-G,R04_B1_all_valid_v1,B1_formal_pending_R04,R02_input_20260905,Eunice,1,False,False,0,model_fold0_G,all_valid,,OOF_date_group_diagnostic,log1p_C,5.351858133476067,4.704545924649414,0.4190130956960395
FREP-267353-G,R04_B1_all_valid_v1,B1_formal_pending_R04,R02_input_20260905,Eunice,1,False,False,0,model_fold0_G,all_valid,,OOF_date_group_diagnostic,log1p_C,5.332718793265369,5.0661197715006825,0.07107503840588768
FREP-267357-G,R04_B1_all_valid_v1,B1_formal_pending_R04,R02_input_20260905,Eunice,1,False,False,0,model_fold0_G,all_valid,,OOF_date_group_diagnostic,log1p_C,5.2574953720277815,5.672581440459486,0.17229644420608956
FREP-267359-G,R04_B1_all_valid_v1,B1_formal_pending_R04,R02_input_20260905,Eunice,1,False,False,0,model_fold0_G,all_valid,,OOF_date_group_diagnostic,log1p_C,6.063785208687608,4.531806931235761,2.346957442584328
FREP-267365-G,R04_B1_all_valid_v1,B1_formal_pending_R04,R02_input_20260905,Eunice,1,False,False,0,model_fold0_G,all_valid,,OOF_date_group_diagnostic,log1p_C,4.844187086458591,5.089448923084476,0.060153368505102396
FREP-267367-G,R04_B1_all_valid_v1,B1_formal_pending_R04,R02_input_20260905,Eunice,1,False,False,0,model_fold0_G,all_valid,,OOF_date_group_diagnostic,log1p_C,4.174387269895637,5.154771353393489,0.9611529511759235
FREP-267370-G,R04_B1_all_valid_v1,B1_formal_pending_R04,R02_input_20260905,Eunice,1,False,False,0,model_fold0_G,all_valid,,OOF_date_group_diagnostic,log1p_C,2.8903717578961645,4.959349992848569,4.280670936706768
FREP-267373-G,R04_B1_all_valid_v1,B1_formal_pending_R04,R02_input_20260905,Eunice,1,False,False,0,model_fold0_G,all_valid,,OOF_date_group_diagnostic,log1p_C,5.135798437050262,4.506209412308635,0.39638234007511264
FREP-267374-G,R04_B1_all_valid_v1,B1_formal_pending_R04,R02_input_20260905,Eunice,1,False,False,0,model_fold0_G,all_valid,,OOF_date_group_diagnostic,log1p_C,3.2188758248682006,3.5147057362440366,0.087515336464635
FREP-267375-G,R04_B1_all_valid_v1,B1_formal_pending_R04,R02_input_20260905,Eunice,1,False,False,0,model_fold0_G,all_valid,,OOF_date_group_diagnostic,log1p_C,7.214504414151143,4.506209412308635,7.334861817005111
FREP-267380-G,R04_B1_all_valid_v1,B1_formal_pending_R04,R02_input_20260905,Eunice,1,False,False,0,model_fold0_G,all_valid,,OOF_date_group_diagnostic,log1p_C,7.223295679562314,4.617798802741018,6.788613975125528
FREP-267384-G,R04_B1_all_valid_v1,B1_formal_pending_R04,R02_input_20260905,Eunice,1,False,False,0,model_fold0_G,all_valid,,OOF_date_group_diagnostic,log1p_C,4.48863636973214,5.240676516193783,0.5655643818900505
FREP-267386-G,R04_B1_all_valid_v1,B1_formal_pending_R04,R02_input_20260905,Eunice,1,False,False,0,model_fold0_G,all_valid,,OOF_date_group_diagnostic,log1p_C,4.04305126783455,5.240676516193783,1.434306235507515
FREP-267390-G,R04_B1_all_valid_v1,B1_formal_pending_R04,R02_input_20260905,Eunice,1,False,False,0,model_fold0_G,all_valid,,OOF_date_group_diagnostic,log1p_C,5.181783550292085,4.770587872143559,0.16908188572802615
FREP-267394-G,R04_B1_all_valid_v1,B1_formal_pending_R04,R02_input_20260905,Eunice,1,False,False,0,model_fold0_G,all_valid,,OOF_date_group_diagnostic,log1p_C,7.746732907753622,5.240676516193783,6.2803186376779205
FREP-267395-G,R04_B1_all_valid_v1,B1_formal_pending_R04,R02_input_20260905,Eunice,1,False,False,0,model_fold0_G,all_valid,,OOF_date_group_diagnostic,log1p_C,4.787491742782046,4.543022957907098,0.059764986778233414
FREP-267397-G,R04_B1_all_valid_v1,B1_formal_pending_R04,R02_input_20260905,Eunice,1,False,False,0,model_fold0_G,all_valid,,OOF_date_group_diagnostic,log1p_C,4.875197323201151,5.147584036237436,0.07419452143871155
FREP-267401-G,R04_B1_all_valid_v1,B1_formal_pending_R04,R02_input_20260905,Eunice,1,False,False,0,model_fold0_G,all_valid,,OOF_date_group_diagnostic,log1p_C,6.021023349349527,5.423443078637193,0.35710217994462545
FREP-267402-G,R04_B1_all_valid_v1,B1_formal_pending_R04,R02_input_20260905,Eunice,1,False,False,0,model_fold0_G,all_valid,,OOF_date_group_diagnostic,log1p_C,2.0794415416798357,4.819812925803826,7.509635322925636
FREP-267405-G,R04_B1_all_valid_v1,B1_formal_pending_R04,R02_input_20260905,Eunice,1,False,False,0,model_fold0_G,all_valid,,OOF_date_group_diagnostic,log1p_C,1.9459101490553132,3.3048555700939155,1.846732657361784
FREP-267406-G,R04_B1_all_valid_v1,B1_formal_pending_R04,R02_input_20260905,Eunice,1,False,False,0,model_fold0_G,all_valid,,OOF_date_group_diagnostic,log1p_C,5.111987788356544,3.6211308742326764,2.22265433839094
FREP-267414-G,R04_B1_all_valid_v1,B1_formal_pending_R04,R02_input_20260905,Eunice,1,False,False,0,model_fold0_G,all_valid,,OOF_date_group_diagnostic,log1p_C,6.261491684321042,4.818979544117009,2.08084127463602
FREP-267416-G,R04_B1_all_valid_v1,B1_formal_pending_R04,R02_input_20260905,Eunice,1,False,False,0,model_fold0_G,all_valid,,OOF_date_group_diagnostic,log1p_C,4.709530201312334,4.818979544117009,0.011979158640375263
FREP-267422-G,R04_B1_all_valid_v1,B1_formal_pending_R04,R02_input_20260905,Eunice,1,False,False,0,model_fold0_G,all_valid,,OOF_date_group_diagnostic,log1p_C,2.772588722239781,4.834095934430384,4.2498119859138725
FREP-267424-G,R04_B1_all_valid_v1,B1_formal_pending_R04,R02_input_20260905,Eunice;Franklin,2,False,False,1,model_fold1_G,all_valid,,OOF_date_group_diagnostic,log1p_C,2.1972245773362196,2.739807928315719,0.2943966927601425
FREP-267426-G,R04_B1_all_valid_v1,B1_formal_pending_R04,R02_input_20260905,Eunice,1,False,False,0,model_fold0_G,all_valid,,OOF_date_group_diagnostic,log1p_C,7.31986492980897,3.2132525436174566,16.864265290421557
FREP-267429-G,R04_B1_all_valid_v1,B1_formal_pending_R04,R02_input_20260905,Eunice,1,False,False,0,model_fold0_G,all_valid,,OOF_date_group_diagnostic,log1p_C,6.666956792429207,4.230938334148369,5.934185929084951
FREP-267430-G,R04_B1_all_valid_v1,B1_formal_pending_R04,R02_input_20260905,Eunice,1,False,False,0,model_fold0_G,all_valid,,OOF_date_group_diagnostic,log1p_C,5.384495062789089,4.508188861307953,0.7679125587542978
FREP-267431-G,R04_B1_all_valid_v1,B1_formal_pending_R04,R02_input_20260905,Eunice,1,False,False,0,model_fold0_G,all_valid,,OOF_date_group_diagnostic,log1p_C,4.61512051684126,3.6912851140856393,0.8534718513846393
FREP-267432-G,R04_B1_all_valid_v1,B1_formal_pending_R04,R02_input_20260905,Eunice,1,False,False,0,model_fold0_G,all_valid,,OOF_date_group_diagnostic,log1p_C,5.808142489980444,4.818979544117009,0.9784433334692288
FREP-267433-G,R04_B1_all_valid_v1,B1_formal_pending_R04,R02_input_20260905,Eunice,1,False,False,0,model_fold0_G,all_valid,,OOF_date_group_diagnostic,log1p_C,7.515889085215125,5.583316716652274,3.7348359597326275
FREP-267435-G,R04_B1_all_valid_v1,B1_formal_pending_R04,R02_input_20260905,Eunice;Franklin,2,False,False,1,model_fold1_G,all_valid,,OOF_date_group_diagnostic,log1p_C,0.6931471805599453,2.7959514774854073,4.421785911168186
FREP-267438-G,R04_B1_all_valid_v1,B1_formal_pending_R04,R02_input_20260905,Eunice,1,False,False,0,model_fold0_G,all_valid,,OOF_date_group_diagnostic,log1p_C,6.037870919922137,5.267032997701496,0.5941911023334356
FREP-267443-G,R04_B1_all_valid_v1,B1_formal_pending_R04,R02_input_20260905,Eunice,1,False,False,0,model_fold0_G,all_valid,,OOF_date_group_diagnostic,log1p_C,3.4657359027997265,4.27200503012406,0.6500699056763418
FREP-267451-G,R04_B1_all_valid_v1,B1_formal_pending_R04,R02_input_20260905,Eunice,1,False,False,0,model_fold0_G,all_valid,,OOF_date_group_diagnostic,log1p_C,3.4965075614664802,4.391688970627083,0.8013497553067624
FREP-267467-G,R04_B1_all_valid_v1,B1_formal_pending_R04,R02_input_20260905,Eunice,1,False,False,0,model_fold0_G,all_valid,,OOF_date_group_diagnostic,log1p_C,3.970291913552122,4.065957809978964,0.009151963739151257
FREP-267469-G,R04_B1_all_valid_v1,B1_formal_pending_R04,R02_input_20260905,Eunice,1,False,False,0,model_fold0_G,all_valid,,OOF_date_group_diagnostic,log1p_C,3.1354942159291497,4.770587872143559,2.6735312645926053
FREP-267470-G,R04_B1_all_valid_v1,B1_formal_pending_R04,R02_input_20260905,Eunice,1,False,False,0,model_fold0_G,all_valid,,OOF_date_group_diagnostic,log1p_C,3.7612001156935624,5.0661197715006825,1.7028153081117727
FREP-267471-G,R04_B1_all_valid_v1,B1_formal_pending_R04,R02_input_20260905,Eunice,1,False,False,0,model_fold0_G,all_valid,,OOF_date_group_diagnostic,log1p_C,0.6931471805599453,4.982132532212431,18.395395346689593
FREP-267472-G,R04_B1_all_valid_v1,B1_formal_pending_R04,R02_input_20260905,Eunice,1,False,False,0,model_fold0_G,all_valid,,OOF_date_group_diagnostic,log1p_C,1.0986122886681098,4.126517903733553,9.168212413744836
FREP-267486-G,R04_B1_all_valid_v1,B1_formal_pending_R04,R02_input_20260905,Eunice,1,False,False,0,model_fold0_G,all_valid,,OOF_date_group_diagnostic,log1p_C,2.1972245773362196,3.080683849156623,0.7805002849654372
FREP-267487-G,R04_B1_all_valid_v1,B1_formal_pending_R04,R02_input_20260905,Eunice;Franklin,2,False,False,1,model_fold1_G,all_valid,,OOF_date_group_diagnostic,log1p_C,2.5649493574615367,2.8309548651402068,0.07075893011538699
FREP-267488-G,R04_B1_all_valid_v1,B1_formal_pending_R04,R02_input_20260905,Eunice;Franklin,2,False,False,1,model_fold1_G,all_valid,,OOF_date_group_diagnostic,log1p_C,2.6390573296152584,2.9744628936588464,0.11249689239139742
FREP-267489-G,R04_B1_all_valid_v1,B1_formal_pending_R04,R02_input_20260905,Eunice,1,False,False,0,model_fold0_G,all_valid,,OOF_date_group_diagnostic,log1p_C,3.58351893845611,4.470958270048541,0.7875485672572213
FREP-267491-G,R04_B1_all_valid_v1,B1_formal_pending_R04,R02_input_20260905,Eunice,1,False,False,0,model_fold0_G,all_valid,,OOF_date_group_diagnostic,log1p_C,4.430816798843313,4.27200503012406,0.025221177883737702
FREP-267495-G,R04_B1_all_valid_v1,B1_formal_pending_R04,R02_input_20260905,Eunice,1,False,False,0,model_fold0_G,all_valid,,OOF_date_group_diagnostic,log1p_C,4.605170185988092,3.1742877384737747,2.0474245786045624
FREP-267499-G,R04_B1_all_valid_v1,B1_formal_pending_R04,R02_input_20260905,Eunice,1,False,False,0,model_fold0_G,all_valid,,OOF_date_group_diagnostic,log1p_C,5.834810737062605,4.405993408946701,2.0415189571242705
FREP-267501-G,R04_B1_all_valid_v1,B1_formal_pending_R04,R02_input_20260905,Eunice;Franklin,2,False,False,1,model_fold1_G,all_valid,,OOF_date_group_diagnostic,log1p_C,3.2188758248682006,2.6800709022554483,0.29031074463173395
FREP-267502-G,R04_B1_all_valid_v1,B1_formal_pending_R04,R02_input_20260905,Eunice,1,False,False,0,model_fold0_G,all_valid,,OOF_date_group_diagnostic,log1p_C,0.6931471805599453,2.6183942574004377,3.7065763068828605
FREP-267505-G,R04_B1_all_valid_v1,B1_formal_pending_R04,R02_input_20260905,Eunice,1,False,False,0,model_fold0_G,all_valid,,OOF_date_group_diagnostic,log1p_C,4.990432586778736,5.092273719475509,0.010371616308961721
FREP-267514-G,R04_B1_all_valid_v1,B1_formal_pending_R04,R02_input_20260905,Eunice,1,False,False,0,model_fold0_G,all_valid,,OOF_date_group_diagnostic,log1p_C,5.3612921657094255,4.704545924649414,0.4313156251464542
FREP-267515-G,R04_B1_all_valid_v1,B1_formal_pending_R04,R02_input_20260905,Eunice,1,False,False,0,model_fold0_G,all_valid,,OOF_date_group_diagnostic,log1p_C,0.6931471805599453,4.42152164153767,13.90077612127094
FREP-267521-G,R04_B1_all_valid_v1,B1_formal_pending_R04,R02_input_20260905,Eunice,1,False,False,0,model_fold0_G,all_valid,,OOF_date_group_diagnostic,log1p_C,1.9459101490553132,2.6500997458798956,0.4958829882759679
FREP-267522-G,R04_B1_all_valid_v1,B1_formal_pending_R04,R02_input_20260905,Eunice;Franklin,2,False,False,1,model_fold1_G,all_valid,,OOF_date_group_diagnostic,log1p_C,3.1780538303479458,2.5839915344097717,0.3529100114553347
FREP-267527-G,R04_B1_all_valid_v1,B1_formal_pending_R04,R02_input_20260905,Eunice,1,False,False,0,model_fold0_G,all_valid,,OOF_date_group_diagnostic,log1p_C,0.6931471805599453,4.770587872143559,16.62552259338186
FREP-267530-G,R04_B1_all_valid_v1,B1_formal_pending_R04,R02_input_20260905,Eunice,1,False,False,0,model_fold0_G,all_valid,,OOF_date_group_diagnostic,log1p_C,3.1780538303479458,4.603183263424786,2.030993901021915
FREP-267532-G,R04_B1_all_valid_v1,B1_formal_pending_R04,R02_input_20260905,Eunice,1,False,False,0,model_fold0_G,all_valid,,OOF_date_group_diagnostic,log1p_C,3.1354942159291497,4.770587872143559,2.6735312645926053
FREP-267541-G,R04_B1_all_valid_v1,B1_formal_pending_R04,R02_input_20260905,Franklin,1,False,False,3,model_fold3_G,all_valid,,OOF_date_group_diagnostic,log1p_C,3.5553480614894135,2.9499102446443226,0.36655495006614985
FREP-267552-G,R04_B1_all_valid_v1,B1_formal_pending_R04,R02_input_20260905,Eunice,1,False,False,0,model_fold0_G,all_valid,,OOF_date_group_diagnostic,log1p_C,6.405228458030842,5.9316681993429965,0.22425931860849901
FREP-267554-G,R04_B1_all_valid_v1,B1_formal_pending_R04,R02_input_20260905,Eunice,1,False,False,0,model_fold0_G,all_valid,,OOF_date_group_diagnostic,log1p_C,0.6931471805599453,6.3539824060066525,32.04505544965827
FREP-267560-G,R04_B1_all_valid_v1,B1_formal_pending_R04,R02_input_20260905,Eunice,1,False,False,0,model_fold0_G,all_valid,,OOF_date_group_diagnostic,log1p_C,4.430816798843313,4.66972782798144,0.05707847984383871
FREP-267561-G,R04_B1_all_valid_v1,B1_formal_pending_R04,R02_input_20260905,Eunice,1,False,False,0,model_fold0_G,all_valid,,OOF_date_group_diagnostic,log1p_C,6.278521424165844,4.276751091416618,4.007084465074947
FREP-267562-G,R04_B1_all_valid_v1,B1_formal_pending_R04,R02_input_20260905,Eunice,1,False,False,0,model_fold0_G,all_valid,,OOF_date_group_diagnostic,log1p_C,7.228388451573604,4.2461592300748245,8.893691129561217
FREP-267565-G,R04_B1_all_valid_v1,B1_formal_pending_R04,R02_input_20260905,Eunice,1,False,False,0,model_fold0_G,all_valid,,OOF_date_group_diagnostic,log1p_C,6.815639990074331,3.8591684971125533,8.740723688695642
FREP-267570-G,R04_B1_all_valid_v1,B1_formal_pending_R04,R02_input_20260905,Eunice,1,False,False,0,model_fold0_G,all_valid,,OOF_date_group_diagnostic,log1p_C,3.1780538303479458,3.8715815629075228,0.4809807158292282
FREP-267572-G,R04_B1_all_valid_v1,B1_formal_pending_R04,R02_input_20260905,Franklin,1,False,False,3,model_fold3_G,all_valid,,OOF_date_group_diagnostic,log1p_C,2.1972245773362196,3.2046180921353686,1.0148416936593834
FREP-267573-G,R04_B1_all_valid_v1,B1_formal_pending_R04,R02_input_20260905,Franklin,1,False,False,3,model_fold3_G,all_valid,,OOF_date_group_diagnostic,log1p_C,3.258096538021482,3.0651870535455594,0.03721406920076627
FREP-267575-G,R04_B1_all_valid_v1,B1_formal_pending_R04,R02_input_20260905,Eunice,1,False,False,0,model_fold0_G,all_valid,,OOF_date_group_diagnostic,log1p_C,0.6931471805599453,5.240676516193783,20.680023058450335
FREP-267576-G,R04_B1_all_valid_v1,B1_formal_pending_R04,R02_input_20260905,Eunice,1,False,False,0,model_fold0_G,all_valid,,OOF_date_group_diagnostic,log1p_C,1.791759469228055,4.872702579544071,9.492210449003727
FREP-267577-G,R04_B1_all_valid_v1,B1_formal_pending_R04,R02_input_20260905,Eunice,1,False,False,0,model_fold0_G,all_valid,,OOF_date_group_diagnostic,log1p_C,4.060443010546419,5.029931083605112,0.9399071238030567
FREP-267580-G,R04_B1_all_valid_v1,B1_formal_pending_R04,R02_input_20260905,Eunice,1,False,False,0,model_fold0_G,all_valid,,OOF_date_group_diagnostic,log1p_C,3.6375861597263857,4.340578647260123,0.4941984375288714
FREP-267582-G,R04_B1_all_valid_v1,B1_formal_pending_R04,R02_input_20260905,Eunice,1,False,False,0,model_fold0_G,all_valid,,OOF_date_group_diagnostic,log1p_C,5.075173815233827,3.924709355392687,1.3235684733575654
FREP-267583-G,R04_B1_all_valid_v1,B1_formal_pending_R04,R02_input_20260905,Eunice,1,False,False,0,model_fold0_G,all_valid,,OOF_date_group_diagnostic,log1p_C,4.927253685157205,3.924709355392687,1.0050951331429872
FREP-267588-G,R04_B1_all_valid_v1,B1_formal_pending_R04,R02_input_20260905,Eunice,1,False,False,0,model_fold0_G,all_valid,,OOF_date_group_diagnostic,log1p_C,0.6931471805599453,4.784707827010748,16.740868523584908
FREP-267590-G,R04_B1_all_valid_v1,B1_formal_pending_R04,R02_input_20260905,Eunice,1,False,False,0,model_fold0_G,all_valid,,OOF_date_group_diagnostic,log1p_C,0.6931471805599453,4.738672335775777,16.36627378148408
FREP-267591-G,R04_B1_all_valid_v1,B1_formal_pending_R04,R02_input_20260905,Eunice,1,False,False,0,model_fold0_G,all_valid,,OOF_date_group_diagnostic,log1p_C,1.6094379124341003,2.6358149368451653,1.053449796238912
FREP-267598-G,R04_B1_all_valid_v1,B1_formal_pending_R04,R02_input_20260905,Eunice,1,False,False,0,model_fold0_G,all_valid,,OOF_date_group_diagnostic,log1p_C,3.4657359027997265,4.261029125892764,0.6324913106977125
FREP-267601-G,R04_B1_all_valid_v1,B1_formal_pending_R04,R02_input_20260905,Eunice;Franklin,2,False,False,1,model_fold1_G,all_valid,,OOF_date_group_diagnostic,log1p_C,1.3862943611198906,2.7414876281148404,1.8365487909084453
FREP-267607-G,R04_B1_all_valid_v1,B1_formal_pending_R04,R02_input_20260905,Eunice,1,False,False,0,model_fold0_G,all_valid,,OOF_date_group_diagnostic,log1p_C,0.6931471805599453,4.388400890759722,13.654899982745214
FREP-267609-G,R04_B1_all_valid_v1,B1_formal_pending_R04,R02_input_20260905,Eunice,1,False,False,0,model_fold0_G,all_valid,,OOF_date_group_diagnostic,log1p_C,4.394449154672439,4.121288311695351,0.07461684613595332
FREP-267616-G,R04_B1_all_valid_v1,B1_formal_pending_R04,R02_input_20260905,Eunice,1,False,False,0,model_fold0_G,all_valid,,OOF_date_group_diagnostic,log1p_C,5.093750200806762,4.003498206312752,1.1886494114981672
FREP-267618-G,R04_B1_all_valid_v1,B1_formal_pending_R04,R02_input_20260905,Eunice,1,False,False,0,model_fold0_G,all_valid,,OOF_date_group_diagnostic,log1p_C,6.904750769961838,5.160410152844926,3.042724188523811
FREP-267619-G,R04_B1_all_valid_v1,B1_formal_pending_R04,R02_input_20260905,Franklin,1,False,False,3,model_fold3_G,all_valid,,OOF_date_group_diagnostic,log1p_C,2.70805020110221,3.124257738841539,0.17322871447103502
FREP-267623-G,R04_B1_all_valid_v1,B1_formal_pending_R04,R02_input_20260905,Franklin,1,False,False,3,model_fold3_G,all_valid,,OOF_date_group_diagnostic,log1p_C,0.6931471805599453,3.339771813502599,7.004621947698835
FREP-267624-G,R04_B1_all_valid_v1,B1_formal_pending_R04,R02_input_20260905,Eunice,1,False,False,0,model_fold0_G,all_valid,,OOF_date_group_diagnostic,log1p_C,3.8066624897703196,2.4654959308070583,1.7987277388813552
FREP-267626-G,R04_B1_all_valid_v1,B1_formal_pending_R04,R02_input_20260905,Eunice,1,False,False,0,model_fold0_G,all_valid,,OOF_date_group_diagnostic,log1p_C,3.4657359027997265,3.741034029061723,0.07578905832336627
FREP-267632-G,R04_B1_all_valid_v1,B1_formal_pending_R04,R02_input_20260905,Eunice,1,False,False,0,model_fold0_G,all_valid,,OOF_date_group_diagnostic,log1p_C,1.9459101490553132,4.919329204829563,8.841220881241432
FREP-267635-G,R04_B1_all_valid_v1,B1_formal_pending_R04,R02_input_20260905,Eunice,1,False,False,0,model_fold0_G,all_valid,,OOF_date_group_diagnostic,log1p_C,4.812184355372417,4.197098994490095,0.37833000117173615
FREP-267640-G,R04_B1_all_valid_v1,B1_formal_pending_R04,R02_input_20260905,Eunice,1,False,False,0,model_fold0_G,all_valid,,OOF_date_group_diagnostic,log1p_C,1.0986122886681098,5.1402061753104595,16.334481144544814
FREP-267644-G,R04_B1_all_valid_v1,B1_formal_pending_R04,R02_input_20260905,Eunice,1,False,False,0,model_fold0_G,all_valid,,OOF_date_group_diagnostic,log1p_C,2.3978952727983707,3.3996044325437937,1.0034212407178815
FREP-267650-G,R04_B1_all_valid_v1,B1_formal_pending_R04,R02_input_20260905,Eunice,1,False,False,0,model_fold0_G,all_valid,,OOF_date_group_diagnostic,log1p_C,0.6931471805599453,5.403103524402534,22.183688760903042
FREP-267653-G,R04_B1_all_valid_v1,B1_formal_pending_R04,R02_input_20260905,Franklin,1,False,False,3,model_fold3_G,all_valid,,OOF_date_group_diagnostic,log1p_C,1.3862943611198906,2.7414195800951284,1.8363643591026864
FREP-267662-G,R04_B1_all_valid_v1,B1_formal_pending_R04,R02_input_20260905,Eunice,1,False,False,0,model_fold0_G,all_valid,,OOF_date_group_diagnostic,log1p_C,5.777652323222656,5.030309948554342,0.5585206249748758
FREP-267668-G,R04_B1_all_valid_v1,B1_formal_pending_R04,R02_input_20260905,Eunice,1,False,False,0,model_fold0_G,all_valid,,OOF_date_group_diagnostic,log1p_C,0.6931471805599453,3.6817338673802524,8.93165038463958
FREP-267670-G,R04_B1_all_valid_v1,B1_formal_pending_R04,R02_input_20260905,Franklin,1,False,False,3,model_fold3_G,all_valid,,OOF_date_group_diagnostic,log1p_C,0.6931471805599453,2.87301427561057,4.751820552084448
FREP-267672-G,R04_B1_all_valid_v1,B1_formal_pending_R04,R02_input_20260905,Eunice,1,False,False,0,model_fold0_G,all_valid,,OOF_date_group_diagnostic,log1p_C,4.418840607796598,3.7906935677126197,0.3945687039662634
FREP-267679-G,R04_B1_all_valid_v1,B1_formal_pending_R04,R02_input_20260905,Eunice,1,False,False,0,model_fold0_G,all_valid,,OOF_date_group_diagnostic,log1p_C,3.4339872044851463,2.8886059785456837,0.29744068160723114
FREP-267680-G,R04_B1_all_valid_v1,B1_formal_pending_R04,R02_input_20260905,Eunice;Franklin,2,False,False,1,model_fold1_G,all_valid,,OOF_date_group_diagnostic,log1p_C,1.3862943611198906,2.3040636353533457,0.8423004407270029
FREP-267681-G,R04_B1_all_valid_v1,B1_formal_pending_R04,R02_input_20260905,Eunice,1,False,False,0,model_fold0_G,all_valid,,OOF_date_group_diagnostic,log1p_C,5.429345628954441,3.492845576858541,3.750032451767424
FREP-267684-G,R04_B1_all_valid_v1,B1_formal_pending_R04,R02_input_20260905,Eunice,1,False,False,0,model_fold0_G,all_valid,,OOF_date_group_diagnostic,log1p_C,2.772588722239781,4.204895270340102,2.0515020477310566
FREP-267690-G,R04_B1_all_valid_v1,B1_formal_pending_R04,R02_input_20260905,Eunice,1,False,False,0,model_fold0_G,all_valid,,OOF_date_group_diagnostic,log1p_C,4.007333185232471,5.415048630743228,1.9816627755295484
FREP-267691-G,R04_B1_all_valid_v1,B1_formal_pending_R04,R02_input_20260905,Eunice,1,False,False,0,model_fold0_G,all_valid,,OOF_date_group_diagnostic,log1p_C,6.049733455231958,3.7546783009403066,5.267278161240674
FREP-267695-G,R04_B1_all_valid_v1,B1_formal_pending_R04,R02_input_20260905,Eunice,1,False,False,0,model_fold0_G,all_valid,,OOF_date_group_diagnostic,log1p_C,0.6931471805599453,5.089448923084476,19.327469011324226
FREP-267702-G,R04_B1_all_valid_v1,B1_formal_pending_R04,R02_input_20260905,Franklin,1,False,False,3,model_fold3_G,all_valid,,OOF_date_group_diagnostic,log1p_C,2.833213344056216,2.805672527692597,0.0007584965659745866
FREP-267709-G,R04_B1_all_valid_v1,B1_formal_pending_R04,R02_input_20260905,Eunice,1,False,False,0,model_fold0_G,all_valid,,OOF_date_group_diagnostic,log1p_C,2.9444389791664403,4.64124804354593,2.879161000960398
FREP-267714-G,R04_B1_all_valid_v1,B1_formal_pending_R04,R02_input_20260905,Eunice,1,False,False,0,model_fold0_G,all_valid,,OOF_date_group_diagnostic,log1p_C,0.6931471805599453,2.989437148619417,5.272947617410568
FREP-267718-G,R04_B1_all_valid_v1,B1_formal_pending_R04,R02_input_20260905,Eunice,1,False,False,0,model_fold0_G,all_valid,,OOF_date_group_diagnostic,log1p_C,3.6109179126442243,3.6817338673802524,0.005014899445175179
FREP-267727-G,R04_B1_all_valid_v1,B1_formal_pending_R04,R02_input_20260905,Eunice,1,False,False,0,model_fold0_G,all_valid,,OOF_date_group_diagnostic,log1p_C,2.1972245773362196,5.044564861722777,8.107346695090522
FREP-267732-G,R04_B1_all_valid_v1,B1_formal_pending_R04,R02_input_20260905,Eunice,1,False,False,0,model_fold0_G,all_valid,,OOF_date_group_diagnostic,log1p_C,0.6931471805599453,2.8199549866112363,4.523311443880705
FREP-267733-G,R04_B1_all_valid_v1,B1_formal_pending_R04,R02_input_20260905,Eunice,1,False,False,0,model_fold0_G,all_valid,,OOF_date_group_diagnostic,log1p_C,1.791759469228055,3.188363583475698,1.950503051933443
FREP-267737-G,R04_B1_all_valid_v1,B1_formal_pending_R04,R02_input_20260905,Eunice,1,False,False,0,model_fold0_G,all_valid,,OOF_date_group_diagnostic,log1p_C,1.0986122886681098,4.489395683714347,11.497412032121288
FREP-267740-G,R04_B1_all_valid_v1,B1_formal_pending_R04,R02_input_20260905,Eunice,1,False,False,0,model_fold0_G,all_valid,,OOF_date_group_diagnostic,log1p_C,0.6931471805599453,5.0661197715006825,19.122889281118944
FREP-267743-G,R04_B1_all_valid_v1,B1_formal_pending_R04,R02_input_20260905,Eunice,1,False,False,0,model_fold0_G,all_valid,,OOF_date_group_diagnostic,log1p_C,4.007333185232471,3.0165804824840814,0.9815909180032392
FREP-267747-G,R04_B1_all_valid_v1,B1_formal_pending_R04,R02_input_20260905,Eunice,1,False,False,0,model_fold0_G,all_valid,,OOF_date_group_diagnostic,log1p_C,0.6931471805599453,4.64124804354593,15.587500424310672
FREP-267755-G,R04_B1_all_valid_v1,B1_formal_pending_R04,R02_input_20260905,Eunice,1,False,False,0,model_fold0_G,all_valid,,OOF_date_group_diagnostic,log1p_C,6.1903154058531475,3.1696421308459417,9.124467034342759
FREP-267761-G,R04_B1_all_valid_v1,B1_formal_pending_R04,R02_input_20260905,Eunice,1,False,False,0,model_fold0_G,all_valid,,OOF_date_group_diagnostic,log1p_C,1.9459101490553132,4.011318092582703,4.265909973186043
FREP-267765-G,R04_B1_all_valid_v1,B1_formal_pending_R04,R02_input_20260905,Eunice,1,False,False,0,model_fold0_G,all_valid,,OOF_date_group_diagnostic,log1p_C,0.6931471805599453,5.027996444310265,18.790918139436688
FREP-267766-G,R04_B1_all_valid_v1,B1_formal_pending_R04,R02_input_20260905,Eunice;Franklin,2,False,False,1,model_fold1_G,all_valid,,OOF_date_group_diagnostic,log1p_C,1.9459101490553132,2.806646788120709,0.7408675618295932
FREP-267773-G,R04_B1_all_valid_v1,B1_formal_pending_R04,R02_input_20260905,Eunice,1,False,False,0,model_fold0_G,all_valid,,OOF_date_group_diagnostic,log1p_C,6.890609120147166,3.406060102289393,12.142081857853572
FREP-267781-G,R04_B1_all_valid_v1,B1_formal_pending_R04,R02_input_20260905,Eunice,1,False,False,0,model_fold0_G,all_valid,,OOF_date_group_diagnostic,log1p_C,1.0986122886681098,3.721017673744697,6.877010003678683
FREP-267790-G,R04_B1_all_valid_v1,B1_formal_pending_R04,R02_input_20260905,Franklin,1,False,False,3,model_fold3_G,all_valid,,OOF_date_group_diagnostic,log1p_C,0.6931471805599453,2.8519199541233484,4.660299887878628
FREP-267791-G,R04_B1_all_valid_v1,B1_formal_pending_R04,R02_input_20260905,Franklin,1,False,False,3,model_fold3_G,all_valid,,OOF_date_group_diagnostic,log1p_C,0.6931471805599453,3.4215713694345506,7.444298554436047
FREP-267798-G,R04_B1_all_valid_v1,B1_formal_pending_R04,R02_input_20260905,Franklin,1,False,False,3,model_fold3_G,all_valid,,OOF_date_group_diagnostic,log1p_C,1.0986122886681098,3.4642398493258697,5.596193755743585
FREP-267800-G,R04_B1_all_valid_v1,B1_formal_pending_R04,R02_input_20260905,Eunice,1,False,False,0,model_fold0_G,all_valid,,OOF_date_group_diagnostic,log1p_C,3.091042453358316,2.8960345999645987,0.03802806288522558
FREP-267801-G,R04_B1_all_valid_v1,B1_formal_pending_R04,R02_input_20260905,Eunice,1,False,False,0,model_fold0_G,all_valid,,OOF_date_group_diagnostic,log1p_C,0.6931471805599453,3.1362355601881355,5.968680830674296
FREP-267805-G,R04_B1_all_valid_v1,B1_formal_pending_R04,R02_input_20260905,Franklin,1,False,False,3,model_fold3_G,all_valid,,OOF_date_group_diagnostic,log1p_C,2.4849066497880004,3.1529413801496946,0.44627040096942155
FREP-267808-G,R04_B1_all_valid_v1,B1_formal_pending_R04,R02_input_20260905,Eunice;Franklin,2,False,False,1,model_fold1_G,all_valid,,OOF_date_group_diagnostic,log1p_C,2.772588722239781,2.451824935934618,0.10288940660482435
FREP-267809-G,R04_B1_all_valid_v1,B1_formal_pending_R04,R02_input_20260905,Eunice,1,False,False,0,model_fold0_G,all_valid,,OOF_date_group_diagnostic,log1p_C,1.0986122886681098,4.785291863590669,13.591606288151182
FREP-267813-G,R04_B1_all_valid_v1,B1_formal_pending_R04,R02_input_20260905,Eunice,1,False,False,0,model_fold0_G,all_valid,,OOF_date_group_diagnostic,log1p_C,1.0986122886681098,5.010493861641176,15.302817440966226
FREP-267820-G,R04_B1_all_valid_v1,B1_formal_pending_R04,R02_input_20260905,Eunice,1,False,False,0,model_fold0_G,all_valid,,OOF_date_group_diagnostic,log1p_C,0.6931471805599453,5.0661197715006825,19.122889281118944
FREP-267824-G,R04_B1_all_valid_v1,B1_formal_pending_R04,R02_input_20260905,Eunice,1,False,False,0,model_fold0_G,all_valid,,OOF_date_group_diagnostic,log1p_C,2.0794415416798357,3.1642021132579607,1.1767054976505005
FREP-267839-G,R04_B1_all_valid_v1,B1_formal_pending_R04,R02_input_20260905,Eunice,1,False,False,0,model_fold0_G,all_valid,,OOF_date_group_diagnostic,log1p_C,4.859812404361672,2.7994575072936874,4.245062301872025
FREP-267842-G,R04_B1_all_valid_v1,B1_formal_pending_R04,R02_input_20260905,Eunice,1,False,False,0,model_fold0_G,all_valid,,OOF_date_group_diagnostic,log1p_C,3.58351893845611,4.585654433193125,1.0042755498118017
FREP-267845-G,R04_B1_all_valid_v1,B1_formal_pending_R04,R02_input_20260905,Eunice,1,False,False,0,model_fold0_G,all_valid,,OOF_date_group_diagnostic,log1p_C,6.99117688712121,3.025714602397075,15.724891131569553
FREP-267861-G,R04_B1_all_valid_v1,B1_formal_pending_R04,R02_input_20260905,Eunice;Franklin,2,False,False,1,model_fold1_G,all_valid,,OOF_date_group_diagnostic,log1p_C,2.0794415416798357,2.9881523996497816,0.8257554233924752
FREP-267872-G,R04_B1_all_valid_v1,B1_formal_pending_R04,R02_input_20260905,Eunice,1,False,False,0,model_fold0_G,all_valid,,OOF_date_group_diagnostic,log1p_C,2.1972245773362196,2.563529622190366,0.1341793858855981
FREP-267873-G,R04_B1_all_valid_v1,B1_formal_pending_R04,R02_input_20260905,Franklin,1,False,False,3,model_fold3_G,all_valid,,OOF_date_group_diagnostic,log1p_C,2.0794415416798357,3.1009201105228383,1.0434184666055488
FREP-267877-G,R04_B1_all_valid_v1,B1_formal_pending_R04,R02_input_20260905,Eunice,1,False,False,0,model_fold0_G,all_valid,,OOF_date_group_diagnostic,log1p_C,3.295836866004329,3.080683849156623,0.04629082065866938
FREP-267879-G,R04_B1_all_valid_v1,B1_formal_pending_R04,R02_input_20260905,Eunice,1,False,False,0,model_fold0_G,all_valid,,OOF_date_group_diagnostic,log1p_C,2.302585092994046,4.513867200774195,4.889768560188618
FREP-267888-G,R04_B1_all_valid_v1,B1_formal_pending_R04,R02_input_20260905,Eunice,1,False,False,0,model_fold0_G,all_valid,,OOF_date_group_diagnostic,log1p_C,4.0943445622221,2.8221100203411202,1.6185807295551076
FREP-267897-G,R04_B1_all_valid_v1,B1_formal_pending_R04,R02_input_20260905,Eunice;Franklin,2,False,False,1,model_fold1_G,all_valid,,OOF_date_group_diagnostic,log1p_C,1.3862943611198906,2.935200725176162,2.399110924614018
FREP-267899-G,R04_B1_all_valid_v1,B1_formal_pending_R04,R02_input_20260905,Eunice,1,False,False,0,model_fold0_G,all_valid,,OOF_date_group_diagnostic,log1p_C,2.3978952727983707,2.6719909482633177,0.07512843930858558
FREP-267909-G,R04_B1_all_valid_v1,B1_formal_pending_R04,R02_input_20260905,Franklin,1,False,False,3,model_fold3_G,all_valid,,OOF_date_group_diagnostic,log1p_C,0.0,2.986952449237528,8.921884934006068
FREP-267910-G,R04_B1_all_valid_v1,B1_formal_pending_R04,R02_input_20260905,Eunice,1,False,False,0,model_fold0_G,all_valid,,OOF_date_group_diagnostic,log1p_C,1.3862943611198906,4.119786043931711,7.471976780001397
FREP-267919-G,R04_B1_all_valid_v1,B1_formal_pending_R04,R02_input_20260905,Eunice,1,False,False,0,model_fold0_G,all_valid,,OOF_date_group_diagnostic,log1p_C,0.6931471805599453,4.261029125892764,12.7297815758319
FREP-267923-G,R04_B1_all_valid_v1,B1_formal_pending_R04,R02_input_20260905,Franklin,1,False,False,3,model_fold3_G,all_valid,,OOF_date_group_diagnostic,log1p_C,1.6094379124341003,3.056166845206526,2.093024604920841
FREP-267937-G,R04_B1_all_valid_v1,B1_formal_pending_R04,R02_input_20260905,Eunice;Franklin,2,False,False,1,model_fold1_G,all_valid,,OOF_date_group_diagnostic,log1p_C,1.6094379124341003,2.9744628936588464,1.8632931993676185
FREP-267942-G,R04_B1_all_valid_v1,B1_formal_pending_R04,R02_input_20260905,Eunice,1,False,False,0,model_fold0_G,all_valid,,OOF_date_group_diagnostic,log1p_C,1.3862943611198906,2.4567512577180035,1.145877967474463
FREP-267944-G,R04_B1_all_valid_v1,B1_formal_pending_R04,R02_input_20260905,Franklin,1,False,False,3,model_fold3_G,all_valid,,OOF_date_group_diagnostic,log1p_C,0.6931471805599453,2.728127810367796,4.141146163693157
FREP-267945-G,R04_B1_all_valid_v1,B1_formal_pending_R04,R02_input_20260905,Eunice,1,False,False,0,model_fold0_G,all_valid,,OOF_date_group_diagnostic,log1p_C,1.0986122886681098,3.749227168922342,7.025759243425158
FREP-267949-G,R04_B1_all_valid_v1,B1_formal_pending_R04,R02_input_20260905,Eunice;Franklin,2,False,False,1,model_fold1_G,all_valid,,OOF_date_group_diagnostic,log1p_C,2.4849066497880004,2.663275857000274,0.03181557408153498
FREP-267952-G,R04_B1_all_valid_v1,B1_formal_pending_R04,R02_input_20260905,Eunice;Franklin,2,False,False,1,model_fold1_G,all_valid,,OOF_date_group_diagnostic,log1p_C,1.6094379124341003,2.809578134432943,1.4403365524594318
FREP-267958-G,R04_B1_all_valid_v1,B1_formal_pending_R04,R02_input_20260905,Eunice,1,False,False,0,model_fold0_G,all_valid,,OOF_date_group_diagnostic,log1p_C,0.0,3.104127100238242,9.635605054433476
FREP-267961-G,R04_B1_all_valid_v1,B1_formal_pending_R04,R02_input_20260905,Eunice;Franklin,2,False,False,1,model_fold1_G,all_valid,,OOF_date_group_diagnostic,log1p_C,1.3862943611198906,2.839301647948502,2.111230175577042
FREP-267962-G,R04_B1_all_valid_v1,B1_formal_pending_R04,R02_input_20260905,Eunice;Franklin,2,False,False,1,model_fold1_G,all_valid,,OOF_date_group_diagnostic,log1p_C,2.70805020110221,2.80244016181524,0.00890946468340736
FREP-267963-G,R04_B1_all_valid_v1,B1_formal_pending_R04,R02_input_20260905,Eunice;Franklin,2,False,False,1,model_fold1_G,all_valid,,OOF_date_group_diagnostic,log1p_C,2.833213344056216,2.811784256591856,0.000459205789555196
FREP-267966-G,R04_B1_all_valid_v1,B1_formal_pending_R04,R02_input_20260905,Eunice,1,False,False,0,model_fold0_G,all_valid,,OOF_date_group_diagnostic,log1p_C,0.6931471805599453,2.6574311505300585,3.8584115146815483
FREP-267969-G,R04_B1_all_valid_v1,B1_formal_pending_R04,R02_input_20260905,Eunice;Franklin,2,False,False,1,model_fold1_G,all_valid,,OOF_date_group_diagnostic,log1p_C,2.0794415416798357,2.647337214271632,0.32250549494848846
FREP-267970-G,R04_B1_all_valid_v1,B1_formal_pending_R04,R02_input_20260905,Eunice;Franklin,2,False,False,1,model_fold1_G,all_valid,,OOF_date_group_diagnostic,log1p_C,2.70805020110221,2.5668300850665635,0.019943121173121477
FREP-267971-G,R04_B1_all_valid_v1,B1_formal_pending_R04,R02_input_20260905,Eunice,1,False,False,0,model_fold0_G,all_valid,,OOF_date_group_diagnostic,log1p_C,2.302585092994046,3.5142067203694225,1.4680269679237559
FREP-267977-G,R04_B1_all_valid_v1,B1_formal_pending_R04,R02_input_20260905,Eunice;Franklin,2,False,False,1,model_fold1_G,all_valid,,OOF_date_group_diagnostic,log1p_C,2.302585092994046,2.757207986842947,0.2066819756115493
FREP-267984-G,R04_B1_all_valid_v1,B1_formal_pending_R04,R02_input_20260905,Franklin,1,False,False,3,model_fold3_G,all_valid,,OOF_date_group_diagnostic,log1p_C,1.6094379124341003,3.405984362868951,3.2275791485700616
FREP-267985-G,R04_B1_all_valid_v1,B1_formal_pending_R04,R02_input_20260905,Eunice;Franklin,2,False,False,1,model_fold1_G,all_valid,,OOF_date_group_diagnostic,log1p_C,0.6931471805599453,2.649814429662955,3.8285467237123396
FREP-267986-G,R04_B1_all_valid_v1,B1_formal_pending_R04,R02_input_20260905,Eunice,1,False,False,0,model_fold0_G,all_valid,,OOF_date_group_diagnostic,log1p_C,2.3978952727983707,2.7994575072936874,0.16125222817287171
FREP-267995-G,R04_B1_all_valid_v1,B1_formal_pending_R04,R02_input_20260905,Eunice,1,False,False,0,model_fold0_G,all_valid,,OOF_date_group_diagnostic,log1p_C,4.290459441148391,4.187713788708531,0.01055666909529251
FREP-267998-G,R04_B1_all_valid_v1,B1_formal_pending_R04,R02_input_20260905,Eunice,1,False,False,0,model_fold0_G,all_valid,,OOF_date_group_diagnostic,log1p_C,5.375278407684165,3.7358285348670153,2.6877958854801696
FREP-268004-G,R04_B1_all_valid_v1,B1_formal_pending_R04,R02_input_20260905,Eunice,1,False,False,0,model_fold0_G,all_valid,,OOF_date_group_diagnostic,log1p_C,5.087596335232384,2.9091986396672844,4.745416520043334
FREP-268006-G,R04_B1_all_valid_v1,B1_formal_pending_R04,R02_input_20260905,Eunice,1,False,False,0,model_fold0_G,all_valid,,OOF_date_group_diagnostic,log1p_C,0.0,2.657508758531649,7.062352801672427
FREP-268009-G,R04_B1_all_valid_v1,B1_formal_pending_R04,R02_input_20260905,Eunice,1,False,False,0,model_fold0_G,all_valid,,OOF_date_group_diagnostic,log1p_C,3.258096538021482,2.6887508565949667,0.3241545049590232
FREP-268015-G,R04_B1_all_valid_v1,B1_formal_pending_R04,R02_input_20260905,Franklin,1,False,False,4,model_fold4_G,all_valid,,OOF_date_group_diagnostic,log1p_C,2.3978952727983707,2.8136664870713677,0.1728657026180424
FREP-268026-G,R04_B1_all_valid_v1,B1_formal_pending_R04,R02_input_20260905,Eunice;Franklin,2,False,False,1,model_fold1_G,all_valid,,OOF_date_group_diagnostic,log1p_C,5.730099782973574,2.536594263644613,10.198477501984538
FREP-268034-G,R04_B1_all_valid_v1,B1_formal_pending_R04,R02_input_20260905,Franklin,1,False,False,3,model_fold3_G,all_valid,,OOF_date_group_diagnostic,log1p_C,2.1972245773362196,3.045847208184818,0.7201603695883966
FREP-268053-G,R04_B1_all_valid_v1,B1_formal_pending_R04,R02_input_20260905,Eunice,1,False,False,0,model_fold0_G,all_valid,,OOF_date_group_diagnostic,log1p_C,3.1354942159291497,4.126517903733553,0.9821279497894387
FREP-268063-G,R04_B1_all_valid_v1,B1_formal_pending_R04,R02_input_20260905,Eunice,1,False,False,0,model_fold0_G,all_valid,,OOF_date_group_diagnostic,log1p_C,0.6931471805599453,2.5548503078321803,3.465938534095219
FREP-268067-G,R04_B1_all_valid_v1,B1_formal_pending_R04,R02_input_20260905,Franklin,1,False,False,3,model_fold3_G,all_valid,,OOF_date_group_diagnostic,log1p_C,0.6931471805599453,2.920257202926873,4.960019051727216
FREP-268076-G,R04_B1_all_valid_v1,B1_formal_pending_R04,R02_input_20260905,Eunice,1,False,False,0,model_fold0_G,all_valid,,OOF_date_group_diagnostic,log1p_C,1.3862943611198906,2.768176109562252,1.9095971666781182
FREP-268080-G,R04_B1_all_valid_v1,B1_formal_pending_R04,R02_input_20260905,Eunice;Franklin,2,False,False,1,model_fold1_G,all_valid,,OOF_date_group_diagnostic,log1p_C,3.9318256327243257,2.440067827684122,2.225341348898366
FREP-268083-G,R04_B1_all_valid_v1,B1_formal_pending_R04,R02_input_20260905,Eunice,1,False,False,0,model_fold0_G,all_valid,,OOF_date_group_diagnostic,log1p_C,2.6390573296152584,2.9465896790283876,0.094576145935559
FREP-268086-G,R04_B1_all_valid_v1,B1_formal_pending_R04,R02_input_20260905,Eunice;Franklin,2,False,False,1,model_fold1_G,all_valid,,OOF_date_group_diagnostic,log1p_C,6.359573868672378,2.524536056426431,14.707515021356178
FREP-268099-G,R04_B1_all_valid_v1,B1_formal_pending_R04,R02_input_20260905,Eunice;Franklin,2,False,False,1,model_fold1_G,all_valid,,OOF_date_group_diagnostic,log1p_C,0.6931471805599453,2.5176548541100727,3.328828250843298
FREP-268102-G,R04_B1_all_valid_v1,B1_formal_pending_R04,R02_input_20260905,Eunice;Franklin,2,False,False,1,model_fold1_G,all_valid,,OOF_date_group_diagnostic,log1p_C,2.772588722239781,2.6143809513442586,0.02502969877173014
FREP-268115-G,R04_B1_all_valid_v1,B1_formal_pending_R04,R02_input_20260905,Eunice,1,False,False,0,model_fold0_G,all_valid,,OOF_date_group_diagnostic,log1p_C,0.6931471805599453,3.2218982739134363,6.394582092136476
FREP-268143-G,R04_B1_all_valid_v1,B1_formal_pending_R04,R02_input_20260905,Eunice;Franklin,2,False,False,1,model_fold1_G,all_valid,,OOF_date_group_diagnostic,log1p_C,0.6931471805599453,2.8120512076982678,4.4897542762230005
FREP-268149-G,R04_B1_all_valid_v1,B1_formal_pending_R04,R02_input_20260905,Eunice,1,False,False,0,model_fold0_G,all_valid,,OOF_date_group_diagnostic,log1p_C,1.3862943611198906,2.932172147066488,2.389738129083154
FREP-268153-G,R04_B1_all_valid_v1,B1_formal_pending_R04,R02_input_20260905,Eunice,1,False,False,0,model_fold0_G,all_valid,,OOF_date_group_diagnostic,log1p_C,1.0986122886681098,3.2218982739134363,4.508343375139216
FREP-268170-G,R04_B1_all_valid_v1,B1_formal_pending_R04,R02_input_20260905,Franklin,1,False,False,3,model_fold3_G,all_valid,,OOF_date_group_diagnostic,log1p_C,3.044522437723423,2.884719885746605,0.025536855618303628
FREP-268173-G,R04_B1_all_valid_v1,B1_formal_pending_R04,R02_input_20260905,Eunice;Franklin,2,False,False,1,model_fold1_G,all_valid,,OOF_date_group_diagnostic,log1p_C,2.833213344056216,2.7790436221351955,0.0029343587730007053
FREP-268174-G,R04_B1_all_valid_v1,B1_formal_pending_R04,R02_input_20260905,Eunice;Franklin,2,False,False,1,model_fold1_G,all_valid,,OOF_date_group_diagnostic,log1p_C,3.258096538021482,2.662024722248331,0.35530160955910134
FREP-268178-G,R04_B1_all_valid_v1,B1_formal_pending_R04,R02_input_20260905,Eunice,1,False,False,0,model_fold0_G,all_valid,,OOF_date_group_diagnostic,log1p_C,5.6131281063880705,2.5127293983979353,9.6124721485069
FREP-268179-G,R04_B1_all_valid_v1,B1_formal_pending_R04,R02_input_20260905,Eunice,1,False,False,0,model_fold0_G,all_valid,,OOF_date_group_diagnostic,log1p_C,0.6931471805599453,2.867482413327823,4.727733704455741
FREP-268181-G,R04_B1_all_valid_v1,B1_formal_pending_R04,R02_input_20260905,Eunice;Franklin,2,False,False,1,model_fold1_G,all_valid,,OOF_date_group_diagnostic,log1p_C,5.755742213586912,2.6158053914743506,9.859203246858332
FREP-268182-G,R04_B1_all_valid_v1,B1_formal_pending_R04,R02_input_20260905,Eunice,1,False,False,0,model_fold0_G,all_valid,,OOF_date_group_diagnostic,log1p_C,0.6931471805599453,2.771399982031917,4.319134706826097
FREP-268184-G,R04_B1_all_valid_v1,B1_formal_pending_R04,R02_input_20260905,Eunice;Franklin,2,False,False,1,model_fold1_G,all_valid,,OOF_date_group_diagnostic,log1p_C,6.576469569048224,2.624239037043237,15.620126178112422
FREP-268187-G,R04_B1_all_valid_v1,B1_formal_pending_R04,R02_input_20260905,Eunice;Franklin,2,False,False,1,model_fold1_G,all_valid,,OOF_date_group_diagnostic,log1p_C,6.988413181999592,2.663275857000274,18.706812880102255
FREP-268189-G,R04_B1_all_valid_v1,B1_formal_pending_R04,R02_input_20260905,Eunice;Franklin,2,False,False,1,model_fold1_G,all_valid,,OOF_date_group_diagnostic,log1p_C,4.564348191467836,2.663275857000274,3.6140760208779468
FREP-268194-G,R04_B1_all_valid_v1,B1_formal_pending_R04,R02_input_20260905,Eunice;Franklin,2,False,False,1,model_fold1_G,all_valid,,OOF_date_group_diagnostic,log1p_C,6.81783057145415,2.630857893188815,17.530740208540387
FREP-268195-G,R04_B1_all_valid_v1,B1_formal_pending_R04,R02_input_20260905,Eunice,1,False,False,0,model_fold0_G,all_valid,,OOF_date_group_diagnostic,log1p_C,1.0986122886681098,2.6030155997083937,2.2632293222689692
FREP-268198-G,R04_B1_all_valid_v1,B1_formal_pending_R04,R02_input_20260905,Eunice;Franklin,2,False,False,1,model_fold1_G,all_valid,,OOF_date_group_diagnostic,log1p_C,1.6094379124341003,2.6734647743437976,1.132153162865398
FREP-268202-G,R04_B1_all_valid_v1,B1_formal_pending_R04,R02_input_20260905,Eunice,1,False,False,0,model_fold0_G,all_valid,,OOF_date_group_diagnostic,log1p_C,1.3862943611198906,2.6547085153103778,1.608874466550769
FREP-268212-G,R04_B1_all_valid_v1,B1_formal_pending_R04,R02_input_20260905,Eunice;Franklin,2,False,False,1,model_fold1_G,all_valid,,OOF_date_group_diagnostic,log1p_C,0.6931471805599453,2.7271289213040038,4.13708172168023
FREP-268218-G,R04_B1_all_valid_v1,B1_formal_pending_R04,R02_input_20260905,Franklin,1,False,False,3,model_fold3_G,all_valid,,OOF_date_group_diagnostic,log1p_C,2.772588722239781,3.047618908293293,0.07564160324062932
FREP-268219-G,R04_B1_all_valid_v1,B1_formal_pending_R04,R02_input_20260905,Eunice;Franklin,2,False,False,1,model_fold1_G,all_valid,,OOF_date_group_diagnostic,log1p_C,2.4849066497880004,2.7042696766540946,0.04812013755585477
FREP-268222-G,R04_B1_all_valid_v1,B1_formal_pending_R04,R02_input_20260905,Eunice;Franklin,2,False,False,1,model_fold1_G,all_valid,,OOF_date_group_diagnostic,log1p_C,6.1903154058531475,2.732871728956132,11.953916778915152
FREP-268226-G,R04_B1_all_valid_v1,B1_formal_pending_R04,R02_input_20260905,Franklin,1,False,False,3,model_fold3_G,all_valid,,OOF_date_group_diagnostic,log1p_C,3.4011973816621555,2.810260925156368,0.3492058956276165
FREP-268227-G,R04_B1_all_valid_v1,B1_formal_pending_R04,R02_input_20260905,Eunice,1,False,False,0,model_fold0_G,all_valid,,OOF_date_group_diagnostic,log1p_C,3.7612001156935624,5.029364570145462,1.6082410835352834
FREP-268241-G,R04_B1_all_valid_v1,B1_formal_pending_R04,R02_input_20260905,Eunice;Franklin,2,False,False,1,model_fold1_G,all_valid,,OOF_date_group_diagnostic,log1p_C,4.59511985013459,2.778815005171372,3.2989632898368586
FREP-268244-G,R04_B1_all_valid_v1,B1_formal_pending_R04,R02_input_20260905,Eunice;Franklin,2,False,False,1,model_fold1_G,all_valid,,OOF_date_group_diagnostic,log1p_C,1.0986122886681098,2.710693776123229,2.598806722195509
FREP-268262-G,R04_B1_all_valid_v1,B1_formal_pending_R04,R02_input_20260905,Eunice;Franklin,2,False,False,1,model_fold1_G,all_valid,,OOF_date_group_diagnostic,log1p_C,1.0986122886681098,2.903652034951132,3.2581684856614768
FREP-268265-G,R04_B1_all_valid_v1,B1_formal_pending_R04,R02_input_20260905,Eunice;Franklin,2,False,False,1,model_fold1_G,all_valid,,OOF_date_group_diagnostic,log1p_C,5.170483995038151,2.855256287141064,5.360279339414401
FREP-268275-G,R04_B1_all_valid_v1,B1_formal_pending_R04,R02_input_20260905,Eunice;Franklin,2,False,False,1,model_fold1_G,all_valid,,OOF_date_group_diagnostic,log1p_C,0.6931471805599453,2.7327195990043163,4.15985565007902
FREP-268278-G,R04_B1_all_valid_v1,B1_formal_pending_R04,R02_input_20260905,Eunice,1,False,False,0,model_fold0_G,all_valid,,OOF_date_group_diagnostic,log1p_C,5.1298987149230735,3.220682370017018,3.6451070516564386
FREP-268285-G,R04_B1_all_valid_v1,B1_formal_pending_R04,R02_input_20260905,Eunice,1,False,False,0,model_fold0_G,all_valid,,OOF_date_group_diagnostic,log1p_C,1.0986122886681098,5.267858696309001,17.382615607626477
FREP-268299-G,R04_B1_all_valid_v1,B1_formal_pending_R04,R02_input_20260905,Eunice,1,False,False,0,model_fold0_G,all_valid,,OOF_date_group_diagnostic,log1p_C,6.752270376141742,3.7546783009403066,8.985558249310447
FREP-268302-G,R04_B1_all_valid_v1,B1_formal_pending_R04,R02_input_20260905,Eunice,1,False,False,0,model_fold0_G,all_valid,,OOF_date_group_diagnostic,log1p_C,0.6931471805599453,2.596589940855497,3.6230943417215484
FREP-268305-G,R04_B1_all_valid_v1,B1_formal_pending_R04,R02_input_20260905,Eunice;Franklin,2,False,False,1,model_fold1_G,all_valid,,OOF_date_group_diagnostic,log1p_C,2.302585092994046,2.4518133777742497,0.0222690809784416
FREP-268322-G,R04_B1_all_valid_v1,B1_formal_pending_R04,R02_input_20260905,Eunice;Franklin,2,False,False,1,model_fold1_G,all_valid,,OOF_date_group_diagnostic,log1p_C,2.1972245773362196,2.731966582724301,0.2859490123264671
FREP-268323-G,R04_B1_all_valid_v1,B1_formal_pending_R04,R02_input_20260905,Eunice;Franklin,2,False,False,1,model_fold1_G,all_valid,,OOF_date_group_diagnostic,log1p_C,1.6094379124341003,2.8133337110151473,1.449365093841097
FREP-268325-G,R04_B1_all_valid_v1,B1_formal_pending_R04,R02_input_20260905,Franklin,1,False,False,3,model_fold3_G,all_valid,,OOF_date_group_diagnostic,log1p_C,0.6931471805599453,3.0649782961856906,5.625582841050467
FREP-268336-G,R04_B1_all_valid_v1,B1_formal_pending_R04,R02_input_20260905,Franklin,1,False,False,3,model_fold3_G,all_valid,,OOF_date_group_diagnostic,log1p_C,2.0794415416798357,3.0693667942220713,0.9799520056208088
FREP-268341-G,R04_B1_all_valid_v1,B1_formal_pending_R04,R02_input_20260905,Eunice;Franklin,2,False,False,1,model_fold1_G,all_valid,,OOF_date_group_diagnostic,log1p_C,2.3978952727983707,2.820324800101873,0.17844670553786043
FREP-268345-G,R04_B1_all_valid_v1,B1_formal_pending_R04,R02_input_20260905,Eunice;Franklin,2,False,False,1,model_fold1_G,all_valid,,OOF_date_group_diagnostic,log1p_C,1.6094379124341003,2.737243667471581,1.271945821095662
FREP-268350-G,R04_B1_all_valid_v1,B1_formal_pending_R04,R02_input_20260905,Eunice;Franklin,2,False,False,1,model_fold1_G,all_valid,,OOF_date_group_diagnostic,log1p_C,2.9444389791664403,2.8593450242912155,0.007240981156306787
FREP-268351-G,R04_B1_all_valid_v1,B1_formal_pending_R04,R02_input_20260905,Eunice,1,False,False,0,model_fold0_G,all_valid,,OOF_date_group_diagnostic,log1p_C,8.247482004285693,2.885988024404708,28.745617696300048
FREP-268354-G,R04_B1_all_valid_v1,B1_formal_pending_R04,R02_input_20260905,Eunice;Franklin,2,False,False,1,model_fold1_G,all_valid,,OOF_date_group_diagnostic,log1p_C,5.71042701737487,2.7978978353733437,8.482826236010478
FREP-268355-G,R04_B1_all_valid_v1,B1_formal_pending_R04,R02_input_20260905,Eunice;Franklin,2,False,False,1,model_fold1_G,all_valid,,OOF_date_group_diagnostic,log1p_C,5.480638923341991,2.7691824227644837,7.351996354524023
FREP-268356-G,R04_B1_all_valid_v1,B1_formal_pending_R04,R02_input_20260905,Eunice;Franklin,2,False,False,1,model_fold1_G,all_valid,,OOF_date_group_diagnostic,log1p_C,6.841615476477592,2.657954744748474,17.503017118212217
FREP-268358-G,R04_B1_all_valid_v1,B1_formal_pending_R04,R02_input_20260905,Eunice;Franklin,2,False,False,1,model_fold1_G,all_valid,,OOF_date_group_diagnostic,log1p_C,5.484796933490655,2.749467217972411,7.482028652597117
FREP-268373-G,R04_B1_all_valid_v1,B1_formal_pending_R04,R02_input_20260905,Eunice;Franklin,2,False,False,1,model_fold1_G,all_valid,,OOF_date_group_diagnostic,log1p_C,0.6931471805599453,2.7978978353733437,4.429975318937429
FREP-268375-G,R04_B1_all_valid_v1,B1_formal_pending_R04,R02_input_20260905,Eunice,1,False,False,0,model_fold0_G,all_valid,,OOF_date_group_diagnostic,log1p_C,0.6931471805599453,4.957609644004094,18.18564010212414
FREP-268376-G,R04_B1_all_valid_v1,B1_formal_pending_R04,R02_input_20260905,Eunice;Franklin,2,False,False,1,model_fold1_G,all_valid,,OOF_date_group_diagnostic,log1p_C,0.6931471805599453,2.6667813799216593,3.8952319528901533
FREP-268380-G,R04_B1_all_valid_v1,B1_formal_pending_R04,R02_input_20260905,Eunice;Franklin,2,False,False,1,model_fold1_G,all_valid,,OOF_date_group_diagnostic,log1p_C,1.0986122886681098,2.6825978274301767,2.5090101870073553
FREP-268382-G,R04_B1_all_valid_v1,B1_formal_pending_R04,R02_input_20260905,Eunice,1,False,False,0,model_fold0_G,all_valid,,OOF_date_group_diagnostic,log1p_C,6.318968113746434,3.1696421308459417,9.918254146572155
FREP-268391-G,R04_B1_all_valid_v1,B1_formal_pending_R04,R02_input_20260905,Franklin,1,False,False,3,model_fold3_G,all_valid,,OOF_date_group_diagnostic,log1p_C,2.1972245773362196,2.4532522188527737,0.06555015322052914
FREP-268393-G,R04_B1_all_valid_v1,B1_formal_pending_R04,R02_input_20260905,Franklin,1,False,False,3,model_fold3_G,all_valid,,OOF_date_group_diagnostic,log1p_C,0.6931471805599453,3.115596482406269,5.868260620015741
FREP-268394-G,R04_B1_all_valid_v1,B1_formal_pending_R04,R02_input_20260905,Eunice;Franklin,2,False,False,1,model_fold1_G,all_valid,,OOF_date_group_diagnostic,log1p_C,0.6931471805599453,2.662354286065877,3.877776624375049
FREP-268395-G,R04_B1_all_valid_v1,B1_formal_pending_R04,R02_input_20260905,Eunice;Franklin,2,False,False,1,model_fold1_G,all_valid,,OOF_date_group_diagnostic,log1p_C,0.6931471805599453,2.7646458353073053,4.291106676620122
FREP-268397-G,R04_B1_all_valid_v1,B1_formal_pending_R04,R02_input_20260905,Eunice;Franklin,2,False,False,1,model_fold1_G,all_valid,,OOF_date_group_diagnostic,log1p_C,6.988413181999592,2.820324800101873,17.372960759310743
FREP-268410-G,R04_B1_all_valid_v1,B1_formal_pending_R04,R02_input_20260905,Franklin,1,False,False,3,model_fold3_G,all_valid,,OOF_date_group_diagnostic,log1p_C,1.6094379124341003,2.7278646063051286,1.250878269563279
FREP-268417-G,R04_B1_all_valid_v1,B1_formal_pending_R04,R02_input_20260905,Eunice;Franklin,2,False,False,1,model_fold1_G,all_valid,,OOF_date_group_diagnostic,log1p_C,5.648974238161206,2.838219436144664,7.9003425570590515
FREP-268423-G,R04_B1_all_valid_v1,B1_formal_pending_R04,R02_input_20260905,Eunice;Franklin,2,False,False,1,model_fold1_G,all_valid,,OOF_date_group_diagnostic,log1p_C,3.912023005428146,2.830412797629232,1.16988064161481
FREP-268424-G,R04_B1_all_valid_v1,B1_formal_pending_R04,R02_input_20260905,Eunice;Franklin,2,False,False,1,model_fold1_G,all_valid,,OOF_date_group_diagnostic,log1p_C,5.365976015021851,2.793260160937955,6.618866865854631
FREP-268425-G,R04_B1_all_valid_v1,B1_formal_pending_R04,R02_input_20260905,Eunice;Franklin,2,False,False,1,model_fold1_G,all_valid,,OOF_date_group_diagnostic,log1p_C,6.999422467507961,2.7163688569001505,18.3445482313406
FREP-268426-G,R04_B1_all_valid_v1,B1_formal_pending_R04,R02_input_20260905,Eunice,1,False,False,0,model_fold0_G,all_valid,,OOF_date_group_diagnostic,log1p_C,2.4849066497880004,2.7121326742095033,0.051631666174401465
FREP-268429-G,R04_B1_all_valid_v1,B1_formal_pending_R04,R02_input_20260905,Eunice;Franklin,2,False,False,1,model_fold1_G,all_valid,,OOF_date_group_diagnostic,log1p_C,5.19295685089021,2.858802327748222,5.448277337904202
FREP-268430-G,R04_B1_all_valid_v1,B1_formal_pending_R04,R02_input_20260905,Eunice;Franklin,2,False,False,1,model_fold1_G,all_valid,,OOF_date_group_diagnostic,log1p_C,5.062595033026967,2.731113022244965,5.435808366600086
FREP-268433-G,R04_B1_all_valid_v1,B1_formal_pending_R04,R02_input_20260905,Eunice;Franklin,2,False,False,1,model_fold1_G,all_valid,,OOF_date_group_diagnostic,log1p_C,7.277247726631484,2.9532420621022384,18.697024986881
FREP-268437-G,R04_B1_all_valid_v1,B1_formal_pending_R04,R02_input_20260905,Eunice;Franklin,2,False,False,1,model_fold1_G,all_valid,,OOF_date_group_diagnostic,log1p_C,6.194405391104672,2.8513587287042683,11.175960986986478
FREP-268450-G,R04_B1_all_valid_v1,B1_formal_pending_R04,R02_input_20260905,Eunice;Franklin,2,False,False,1,model_fold1_G,all_valid,,OOF_date_group_diagnostic,log1p_C,7.360739903058278,2.9420449080082802,19.524865459279898
FREP-268453-G,R04_B1_all_valid_v1,B1_formal_pending_R04,R02_input_20260905,Eunice;Franklin,2,False,False,1,model_fold1_G,all_valid,,OOF_date_group_diagnostic,log1p_C,2.6390573296152584,2.7525609576481465,0.01288307357662821
FREP-268459-G,R04_B1_all_valid_v1,B1_formal_pending_R04,R02_input_20260905,Eunice;Franklin,2,False,False,1,model_fold1_G,all_valid,,OOF_date_group_diagnostic,log1p_C,1.0986122886681098,2.8895243349515027,3.20736595752297
FREP-268461-G,R04_B1_all_valid_v1,B1_formal_pending_R04,R02_input_20260905,Eunice;Franklin,2,False,False,1,model_fold1_G,all_valid,,OOF_date_group_diagnostic,log1p_C,1.3862943611198906,2.8525870913834916,2.1500143708238855
FREP-268462-G,R04_B1_all_valid_v1,B1_formal_pending_R04,R02_input_20260905,Eunice,1,False,False,0,model_fold0_G,all_valid,,OOF_date_group_diagnostic,log1p_C,3.4965075614664802,2.74270939383879,0.5682116775188633
FREP-268471-G,R04_B1_all_valid_v1,B1_formal_pending_R04,R02_input_20260905,Franklin,1,False,False,3,model_fold3_G,all_valid,,OOF_date_group_diagnostic,log1p_C,2.70805020110221,3.162870990297701,0.20686195028440924
FREP-268474-G,R04_B1_all_valid_v1,B1_formal_pending_R04,R02_input_20260905,Eunice;Franklin,2,False,False,1,model_fold1_G,all_valid,,OOF_date_group_diagnostic,log1p_C,0.6931471805599453,2.8719414097245246,4.747144293040873
FREP-268476-G,R04_B1_all_valid_v1,B1_formal_pending_R04,R02_input_20260905,Eunice;Franklin,2,False,False,1,model_fold1_G,all_valid,,OOF_date_group_diagnostic,log1p_C,0.6931471805599453,2.9006383414542585,4.873017225426522
FREP-268479-G,R04_B1_all_valid_v1,B1_formal_pending_R04,R02_input_20260905,Eunice;Franklin,2,False,False,1,model_fold1_G,all_valid,,OOF_date_group_diagnostic,log1p_C,6.154858094016418,2.9679478873735565,10.156396665204444
FREP-268481-G,R04_B1_all_valid_v1,B1_formal_pending_R04,R02_input_20260905,Eunice;Franklin,2,False,False,1,model_fold1_G,all_valid,,OOF_date_group_diagnostic,log1p_C,6.0867747269123065,2.9398994942195262,9.902823730135239
FREP-268483-G,R04_B1_all_valid_v1,B1_formal_pending_R04,R02_input_20260905,Eunice;Franklin,2,False,False,1,model_fold1_G,all_valid,,OOF_date_group_diagnostic,log1p_C,5.720311776607412,2.906834720631161,7.915653144504793
FREP-268485-G,R04_B1_all_valid_v1,B1_formal_pending_R04,R02_input_20260905,Eunice;Franklin,2,False,False,1,model_fold1_G,all_valid,,OOF_date_group_diagnostic,log1p_C,6.976348070447749,2.8719414097245246,16.846154036589173
FREP-268488-G,R04_B1_all_valid_v1,B1_formal_pending_R04,R02_input_20260905,Eunice;Franklin,2,False,False,1,model_fold1_G,all_valid,,OOF_date_group_diagnostic,log1p_C,6.300785794663244,2.913480041487526,11.473840265497318
FREP-268490-G,R04_B1_all_valid_v1,B1_formal_pending_R04,R02_input_20260905,Franklin,1,False,False,3,model_fold3_G,all_valid,,OOF_date_group_diagnostic,log1p_C,4.7535901911063645,3.246111666626477,2.2724915017680583
FREP-268491-G,R04_B1_all_valid_v1,B1_formal_pending_R04,R02_input_20260905,Eunice;Franklin,2,False,False,1,model_fold1_G,all_valid,,OOF_date_group_diagnostic,log1p_C,3.332204510175204,2.906834720631161,0.18093945785674337
FREP-268501-G,R04_B1_all_valid_v1,B1_formal_pending_R04,R02_input_20260905,Eunice;Franklin,2,False,False,1,model_fold1_G,all_valid,,OOF_date_group_diagnostic,log1p_C,5.476463551931511,3.0519313905720233,5.8783562014665085
FREP-268503-G,R04_B1_all_valid_v1,B1_formal_pending_R04,R02_input_20260905,Eunice;Franklin,2,False,False,1,model_fold1_G,all_valid,,OOF_date_group_diagnostic,log1p_C,0.6931471805599453,2.4784889244288006,3.1874451424006853
FREP-268506-G,R04_B1_all_valid_v1,B1_formal_pending_R04,R02_input_20260905,Eunice;Franklin,2,False,False,1,model_fold1_G,all_valid,,OOF_date_group_diagnostic,log1p_C,6.2422232654551655,2.595883044487242,13.295797007048405
FREP-268509-G,R04_B1_all_valid_v1,B1_formal_pending_R04,R02_input_20260905,Eunice,1,False,False,0,model_fold0_G,all_valid,,OOF_date_group_diagnostic,log1p_C,4.709530201312334,4.187713788708531,0.2722923684627023
FREP-268520-G,R04_B1_all_valid_v1,B1_formal_pending_R04,R02_input_20260905,Eunice;Franklin,2,False,False,1,model_fold1_G,all_valid,,OOF_date_group_diagnostic,log1p_C,5.429345628954441,2.942506690009372,6.184367908253436
FREP-268527-G,R04_B1_all_valid_v1,B1_formal_pending_R04,R02_input_20260905,Eunice;Franklin,2,False,False,1,model_fold1_G,all_valid,,OOF_date_group_diagnostic,log1p_C,2.0794415416798357,3.0002913035521575,0.8479642839403115
FREP-268528-G,R04_B1_all_valid_v1,B1_formal_pending_R04,R02_input_20260905,Eunice,1,False,False,0,model_fold0_G,all_valid,,OOF_date_group_diagnostic,log1p_C,0.0,3.468965717034442,12.03372314596028
FREP-268529-G,R04_B1_all_valid_v1,B1_formal_pending_R04,R02_input_20260905,Eunice;Franklin,2,False,False,1,model_fold1_G,all_valid,,OOF_date_group_diagnostic,log1p_C,2.995732273553991,2.982107526452208,0.00018563373358753722
FREP-268531-G,R04_B1_all_valid_v1,B1_formal_pending_R04,R02_input_20260905,Eunice;Franklin,2,False,False,1,model_fold1_G,all_valid,,OOF_date_group_diagnostic,log1p_C,6.359573868672378,2.7026503617289293,13.37308953563557
FREP-268540-G,R04_B1_all_valid_v1,B1_formal_pending_R04,R02_input_20260905,Eunice;Franklin,2,False,False,1,model_fold1_G,all_valid,,OOF_date_group_diagnostic,log1p_C,7.278628942320682,2.8414866565363024,19.68823166429583
FREP-268541-G,R04_B1_all_valid_v1,B1_formal_pending_R04,R02_input_20260905,Eunice;Franklin,2,False,False,1,model_fold1_G,all_valid,,OOF_date_group_diagnostic,log1p_C,5.37989735354046,2.7742037695289787,6.789639053758597
FREP-268544-G,R04_B1_all_valid_v1,B1_formal_pending_R04,R02_input_20260905,Eunice;Franklin,2,False,False,1,model_fold1_G,all_valid,,OOF_date_group_diagnostic,log1p_C,5.501258210544727,2.7646458353073053,7.489047292302605
FREP-268545-G,R04_B1_all_valid_v1,B1_formal_pending_R04,R02_input_20260905,Eunice,1,False,False,0,model_fold0_G,all_valid,,OOF_date_group_diagnostic,log1p_C,5.293304824724492,3.8288047761420474,2.144760392297983
FREP-268553-G,R04_B1_all_valid_v1,B1_formal_pending_R04,R02_input_20260905,Eunice;Franklin,2,False,False,1,model_fold1_G,all_valid,,OOF_date_group_diagnostic,log1p_C,5.493061443340548,3.0058562677583405,6.186189585442921
FREP-268554-G,R04_B1_all_valid_v1,B1_formal_pending_R04,R02_input_20260905,Eunice;Franklin,2,False,False,1,model_fold1_G,all_valid,,OOF_date_group_diagnostic,log1p_C,4.48863636973214,3.0398302427557233,2.099039193564404
FREP-268555-G,R04_B1_all_valid_v1,B1_formal_pending_R04,R02_input_20260905,Franklin,1,False,False,3,model_fold3_G,all_valid,,OOF_date_group_diagnostic,log1p_C,3.9512437185814275,2.9573788078679732,0.9877674607474625
FREP-268556-G,R04_B1_all_valid_v1,B1_formal_pending_R04,R02_input_20260905,Franklin,1,False,False,3,model_fold3_G,all_valid,,OOF_date_group_diagnostic,log1p_C,1.3862943611198906,3.26302611417154,3.522122072912318
FREP-268560-G,R04_B1_all_valid_v1,B1_formal_pending_R04,R02_input_20260905,Eunice;Franklin,2,False,False,1,model_fold1_G,all_valid,,OOF_date_group_diagnostic,log1p_C,0.6931471805599453,2.7021217124720938,4.035978669871636
FREP-268561-G,R04_B1_all_valid_v1,B1_formal_pending_R04,R02_input_20260905,Eunice,1,False,False,0,model_fold0_G,all_valid,,OOF_date_group_diagnostic,log1p_C,0.6931471805599453,4.860416896664154,17.366136886759254
FREP-268570-G,R04_B1_all_valid_v1,B1_formal_pending_R04,R02_input_20260905,Eunice,1,False,False,0,model_fold0_G,all_valid,,OOF_date_group_diagnostic,log1p_C,3.295836866004329,4.460716376783413,1.356944274632918
FREP-268574-G,R04_B1_all_valid_v1,B1_formal_pending_R04,R02_input_20260905,Eunice;Franklin,2,False,False,1,model_fold1_G,all_valid,,OOF_date_group_diagnostic,log1p_C,4.68213122712422,2.9118667354111647,3.133836370620082
FREP-268582-G,R04_B1_all_valid_v1,B1_formal_pending_R04,R02_input_20260905,Eunice,1,False,False,0,model_fold0_G,all_valid,,OOF_date_group_diagnostic,log1p_C,3.828641396489095,3.357401820787222,0.22206673770768132
FREP-268584-G,R04_B1_all_valid_v1,B1_formal_pending_R04,R02_input_20260905,Eunice;Franklin,2,False,False,1,model_fold1_G,all_valid,,OOF_date_group_diagnostic,log1p_C,2.5649493574615367,2.5974097438921193,0.0010536766872227495
FREP-268587-G,R04_B1_all_valid_v1,B1_formal_pending_R04,R02_input_20260905,Eunice;Franklin,2,False,False,1,model_fold1_G,all_valid,,OOF_date_group_diagnostic,log1p_C,5.293304824724492,3.0441271541620356,5.058800193756759
FREP-268593-G,R04_B1_all_valid_v1,B1_formal_pending_R04,R02_input_20260905,Franklin,1,False,False,4,model_fold4_G,all_valid,,OOF_date_group_diagnostic,log1p_C,0.0,2.7097725308048184,7.34286716870435
FREP-268594-G,R04_B1_all_valid_v1,B1_formal_pending_R04,R02_input_20260905,Eunice;Franklin,2,False,False,1,model_fold1_G,all_valid,,OOF_date_group_diagnostic,log1p_C,6.18826412308259,2.983689873661574,10.269296120052267
FREP-268612-G,R04_B1_all_valid_v1,B1_formal_pending_R04,R02_input_20260905,Franklin,1,False,False,3,model_fold3_G,all_valid,,OOF_date_group_diagnostic,log1p_C,1.6094379124341003,3.2443694158959646,2.6730010210120723
FREP-268614-G,R04_B1_all_valid_v1,B1_formal_pending_R04,R02_input_20260905,Eunice;Franklin,2,False,False,1,model_fold1_G,all_valid,,OOF_date_group_diagnostic,log1p_C,2.302585092994046,2.8958909837666376,0.35201188002545847
FREP-268615-G,R04_B1_all_valid_v1,B1_formal_pending_R04,R02_input_20260905,Franklin,1,False,False,3,model_fold3_G,all_valid,,OOF_date_group_diagnostic,log1p_C,0.6931471805599453,3.3177512391535324,6.8885464643859295
FREP-268628-G,R04_B1_all_valid_v1,B1_formal_pending_R04,R02_input_20260905,Eunice;Franklin,2,False,False,1,model_fold1_G,all_valid,,OOF_date_group_diagnostic,log1p_C,1.9459101490553132,2.86789126053319,0.8500491699219808
FREP-268634-G,R04_B1_all_valid_v1,B1_formal_pending_R04,R02_input_20260905,Eunice;Franklin,2,False,False,1,model_fold1_G,all_valid,,OOF_date_group_diagnostic,log1p_C,1.791759469228055,2.683199024305129,0.794664480356012
FREP-268639-G,R04_B1_all_valid_v1,B1_formal_pending_R04,R02_input_20260905,Eunice;Franklin,2,False,False,1,model_fold1_G,all_valid,,OOF_date_group_diagnostic,log1p_C,4.8283137373023015,2.704177465191537,4.511954902496616
FREP-268647-G,R04_B1_all_valid_v1,B1_formal_pending_R04,R02_input_20260905,Eunice;Franklin,2,False,False,1,model_fold1_G,all_valid,,OOF_date_group_diagnostic,log1p_C,0.6931471805599453,2.7966282451480997,4.424632589080915
FREP-268650-G,R04_B1_all_valid_v1,B1_formal_pending_R04,R02_input_20260905,Eunice;Franklin,2,False,False,1,model_fold1_G,all_valid,,OOF_date_group_diagnostic,log1p_C,2.0794415416798357,2.7880361894520913,0.5021063748514869
FREP-268653-G,R04_B1_all_valid_v1,B1_formal_pending_R04,R02_input_20260905,Eunice;Franklin,2,False,False,1,model_fold1_G,all_valid,,OOF_date_group_diagnostic,log1p_C,1.3862943611198906,2.863042208969664,2.180784206128937
FREP-268657-G,R04_B1_all_valid_v1,B1_formal_pending_R04,R02_input_20260905,Eunice;Franklin,2,False,False,1,model_fold1_G,all_valid,,OOF_date_group_diagnostic,log1p_C,0.6931471805599453,2.56177043244929,3.4917528575015084
FREP-268663-G,R04_B1_all_valid_v1,B1_formal_pending_R04,R02_input_20260905,Eunice;Franklin,2,False,False,1,model_fold1_G,all_valid,,OOF_date_group_diagnostic,log1p_C,5.365976015021851,2.661777554299752,7.312689314971769
FREP-268681-G,R04_B1_all_valid_v1,B1_formal_pending_R04,R02_input_20260905,Eunice;Franklin,2,False,False,1,model_fold1_G,all_valid,,OOF_date_group_diagnostic,log1p_C,2.0794415416798357,2.7924735034007413,0.5084145784355629
FREP-268683-G,R04_B1_all_valid_v1,B1_formal_pending_R04,R02_input_20260905,Eunice,1,False,False,0,model_fold0_G,all_valid,,OOF_date_group_diagnostic,log1p_C,1.0986122886681098,2.701552680857696,2.5694179009129043
FREP-268690-G,R04_B1_all_valid_v1,B1_formal_pending_R04,R02_input_20260905,Eunice;Franklin,2,False,False,1,model_fold1_G,all_valid,,OOF_date_group_diagnostic,log1p_C,2.772588722239781,2.853522586798083,0.0065502904323415335
FREP-268693-G,R04_B1_all_valid_v1,B1_formal_pending_R04,R02_input_20260905,Eunice;Franklin,2,False,False,1,model_fold1_G,all_valid,,OOF_date_group_diagnostic,log1p_C,6.423246963533519,2.7831356615680742,13.250410290696568
FREP-268695-G,R04_B1_all_valid_v1,B1_formal_pending_R04,R02_input_20260905,Eunice;Franklin,2,False,False,1,model_fold1_G,all_valid,,OOF_date_group_diagnostic,log1p_C,0.6931471805599453,2.7707100862352294,4.316267627037929
FREP-268707-G,R04_B1_all_valid_v1,B1_formal_pending_R04,R02_input_20260905,Eunice;Franklin,2,False,False,1,model_fold1_G,all_valid,,OOF_date_group_diagnostic,log1p_C,6.424869023905388,2.685224123650239,13.984943980004342
FREP-268714-G,R04_B1_all_valid_v1,B1_formal_pending_R04,R02_input_20260905,Eunice;Franklin,2,False,False,1,model_fold1_G,all_valid,,OOF_date_group_diagnostic,log1p_C,5.043425116919247,2.833386258839602,4.88427175422198
FREP-268719-G,R04_B1_all_valid_v1,B1_formal_pending_R04,R02_input_20260905,Eunice,1,False,False,0,model_fold0_G,all_valid,,OOF_date_group_diagnostic,log1p_C,0.6931471805599453,5.162633320900531,19.976306358696583
FREP-268728-G,R04_B1_all_valid_v1,B1_formal_pending_R04,R02_input_20260905,Franklin,1,False,False,3,model_fold3_G,all_valid,,OOF_date_group_diagnostic,log1p_C,4.343805421853684,2.9063015601834707,2.066417352316776
FREP-268736-G,R04_B1_all_valid_v1,B1_formal_pending_R04,R02_input_20260905,Eunice;Franklin,2,False,False,1,model_fold1_G,all_valid,,OOF_date_group_diagnostic,log1p_C,0.6931471805599453,2.671256639279746,3.912917030676743
FREP-268741-G,R04_B1_all_valid_v1,B1_formal_pending_R04,R02_input_20260905,Eunice,1,False,False,0,model_fold0_G,all_valid,,OOF_date_group_diagnostic,log1p_C,2.70805020110221,3.744970556251541,1.075203822923015
FREP-268742-G,R04_B1_all_valid_v1,B1_formal_pending_R04,R02_input_20260905,Eunice;Franklin,2,False,False,1,model_fold1_G,all_valid,,OOF_date_group_diagnostic,log1p_C,4.418840607796598,2.7329324240058583,2.8422864041725915
FREP-268744-G,R04_B1_all_valid_v1,B1_formal_pending_R04,R02_input_20260905,Eunice;Franklin,2,False,False,1,model_fold1_G,all_valid,,OOF_date_group_diagnostic,log1p_C,5.5053315359323625,2.7849862158150964,7.40027866068391
FREP-268745-G,R04_B1_all_valid_v1,B1_formal_pending_R04,R02_input_20260905,Eunice;Franklin,2,False,False,1,model_fold1_G,all_valid,,OOF_date_group_diagnostic,log1p_C,3.4011973816621555,2.7167502563443184,0.4684678673558509
FREP-268751-G,R04_B1_all_valid_v1,B1_formal_pending_R04,R02_input_20260905,Eunice;Franklin,2,False,False,1,model_fold1_G,all_valid,,OOF_date_group_diagnostic,log1p_C,7.24422751560335,2.687481140674006,20.763937525431718
FREP-268752-G,R04_B1_all_valid_v1,B1_formal_pending_R04,R02_input_20260905,Eunice;Franklin,2,False,False,1,model_fold1_G,all_valid,,OOF_date_group_diagnostic,log1p_C,0.6931471805599453,2.638091116821011,3.7828069151986874
FREP-268762-G,R04_B1_all_valid_v1,B1_formal_pending_R04,R02_input_20260905,Eunice;Franklin,2,False,False,1,model_fold1_G,all_valid,,OOF_date_group_diagnostic,log1p_C,2.4849066497880004,2.6606827339512273,0.030897231763757856
FREP-268763-G,R04_B1_all_valid_v1,B1_formal_pending_R04,R02_input_20260905,Eunice,1,False,False,0,model_fold0_G,all_valid,,OOF_date_group_diagnostic,log1p_C,2.6390573296152584,3.468965717034442,0.6887479315087096
FREP-268766-G,R04_B1_all_valid_v1,B1_formal_pending_R04,R02_input_20260905,Eunice;Franklin,2,False,False,1,model_fold1_G,all_valid,,OOF_date_group_diagnostic,log1p_C,6.934397209928558,2.6655832622423503,18.2227725199603
FREP-268771-G,R04_B1_all_valid_v1,B1_formal_pending_R04,R02_input_20260905,Eunice;Franklin,2,False,False,1,model_fold1_G,all_valid,,OOF_date_group_diagnostic,log1p_C,5.123963979403259,2.8583082918739726,5.133195694433803
FREP-268772-G,R04_B1_all_valid_v1,B1_formal_pending_R04,R02_input_20260905,Eunice;Franklin,2,False,False,1,model_fold1_G,all_valid,,OOF_date_group_diagnostic,log1p_C,4.605170185988092,2.5117173046081622,4.38254496655793
FREP-268774-G,R04_B1_all_valid_v1,B1_formal_pending_R04,R02_input_20260905,Eunice;Franklin,2,False,False,1,model_fold1_G,all_valid,,OOF_date_group_diagnostic,log1p_C,4.553876891600541,2.667393351492651,3.558820147097996
FREP-268776-G,R04_B1_all_valid_v1,B1_formal_pending_R04,R02_input_20260905,Eunice;Franklin,2,False,False,1,model_fold1_G,all_valid,,OOF_date_group_diagnostic,log1p_C,3.713572066704308,2.61116229257014,1.2153073101065475
FREP-268778-G,R04_B1_all_valid_v1,B1_formal_pending_R04,R02_input_20260905,Franklin,1,False,False,3,model_fold3_G,all_valid,,OOF_date_group_diagnostic,log1p_C,1.9459101490553132,3.2384871466583154,1.6707552947323914
FREP-268779-G,R04_B1_all_valid_v1,B1_formal_pending_R04,R02_input_20260905,Franklin,1,False,False,4,model_fold4_G,all_valid,,OOF_date_group_diagnostic,log1p_C,3.5263605246161616,2.871158068203063,0.42929025888975825
FREP-268784-G,R04_B1_all_valid_v1,B1_formal_pending_R04,R02_input_20260905,Franklin,1,False,False,3,model_fold3_G,all_valid,,OOF_date_group_diagnostic,log1p_C,0.6931471805599453,2.8528396563316285,4.664271589904822
FREP-268785-G,R04_B1_all_valid_v1,B1_formal_pending_R04,R02_input_20260905,Eunice,1,False,False,0,model_fold0_G,all_valid,,OOF_date_group_diagnostic,log1p_C,4.882801922586371,3.692677655178315,1.4163957718735611
FREP-268788-G,R04_B1_all_valid_v1,B1_formal_pending_R04,R02_input_20260905,Franklin,1,False,False,3,model_fold3_G,all_valid,,OOF_date_group_diagnostic,log1p_C,2.4849066497880004,2.7858261904482924,0.09055256995120115
FREP-268816-G,R04_B1_all_valid_v1,B1_formal_pending_R04,R02_input_20260905,Franklin,1,False,False,4,model_fold4_G,all_valid,,OOF_date_group_diagnostic,log1p_C,0.6931471805599453,2.6280216201193904,3.7437390968604767
FREP-268822-G,R04_B1_all_valid_v1,B1_formal_pending_R04,R02_input_20260905,Franklin,1,False,False,3,model_fold3_G,all_valid,,OOF_date_group_diagnostic,log1p_C,0.6931471805599453,2.841720178642254,4.6163659280884
FREP-268833-G,R04_B1_all_valid_v1,B1_formal_pending_R04,R02_input_20260905,Eunice;Franklin,2,False,False,1,model_fold1_G,all_valid,,OOF_date_group_diagnostic,log1p_C,6.0014148779611505,2.6742716858878266,11.069881820559868
FREP-268834-G,R04_B1_all_valid_v1,B1_formal_pending_R04,R02_input_20260905,Franklin,1,False,False,3,model_fold3_G,all_valid,,OOF_date_group_diagnostic,log1p_C,5.407171771460119,2.8829024267080503,6.371935724855038
FREP-268852-G,R04_B1_all_valid_v1,B1_formal_pending_R04,R02_input_20260905,Eunice;Franklin,2,False,False,1,model_fold1_G,all_valid,,OOF_date_group_diagnostic,log1p_C,5.25227342804663,2.912410152050622,5.474960150354771
FREP-268853-G,R04_B1_all_valid_v1,B1_formal_pending_R04,R02_input_20260905,Franklin,1,False,False,3,model_fold3_G,all_valid,,OOF_date_group_diagnostic,log1p_C,4.007333185232471,2.9852360995165346,1.0446824526290106
FREP-268865-G,R04_B1_all_valid_v1,B1_formal_pending_R04,R02_input_20260905,Eunice,1,False,False,0,model_fold0_G,all_valid,,OOF_date_group_diagnostic,log1p_C,0.6931471805599453,4.957609644004094,18.18564010212414
FREP-268870-G,R04_B1_all_valid_v1,B1_formal_pending_R04,R02_input_20260905,Franklin,1,False,False,3,model_fold3_G,all_valid,,OOF_date_group_diagnostic,log1p_C,5.934894195619588,2.678548754791169,10.603785630004031
FREP-268879-G,R04_B1_all_valid_v1,B1_formal_pending_R04,R02_input_20260905,Franklin,1,False,False,3,model_fold3_G,all_valid,,OOF_date_group_diagnostic,log1p_C,1.3862943611198906,2.9525215017517175,2.4530674560517483
FREP-268894-G,R04_B1_all_valid_v1,B1_formal_pending_R04,R02_input_20260905,Franklin,1,False,False,3,model_fold3_G,all_valid,,OOF_date_group_diagnostic,log1p_C,5.723585101952381,2.810260925156368,8.487457759104165
FREP-268895-G,R04_B1_all_valid_v1,B1_formal_pending_R04,R02_input_20260905,Franklin,1,False,False,3,model_fold3_G,all_valid,,OOF_date_group_diagnostic,log1p_C,1.791759469228055,2.8980585884188397,1.2238977411223062
FREP-268903-G,R04_B1_all_valid_v1,B1_formal_pending_R04,R02_input_20260905,Eunice,1,False,False,0,model_fold0_G,all_valid,,OOF_date_group_diagnostic,log1p_C,4.290459441148391,4.633353575565235,0.11757638741747677
FREP-268906-G,R04_B1_all_valid_v1,B1_formal_pending_R04,R02_input_20260905,Eunice,1,False,False,0,model_fold0_G,all_valid,,OOF_date_group_diagnostic,log1p_C,3.8501476017100584,4.033412878336127,0.033586161616829334
FREP-268918-G,R04_B1_all_valid_v1,B1_formal_pending_R04,R02_input_20260905,Eunice,1,False,False,0,model_fold0_G,all_valid,,OOF_date_group_diagnostic,log1p_C,4.584967478670572,3.235296376134219,1.821612085021696
FREP-268922-G,R04_B1_all_valid_v1,B1_formal_pending_R04,R02_input_20260905,Franklin,1,False,False,3,model_fold3_G,all_valid,,OOF_date_group_diagnostic,log1p_C,3.367295829986474,2.897278302791028,0.2209164758709221
FREP-268931-G,R04_B1_all_valid_v1,B1_formal_pending_R04,R02_input_20260905,Franklin,1,False,False,3,model_fold3_G,all_valid,,OOF_date_group_diagnostic,log1p_C,2.833213344056216,3.133991816895653,0.09046768972362376
FREP-268935-G,R04_B1_all_valid_v1,B1_formal_pending_R04,R02_input_20260905,Franklin,1,False,False,3,model_fold3_G,all_valid,,OOF_date_group_diagnostic,log1p_C,2.1972245773362196,2.951263327423867,0.5685744366337417
FREP-268945-G,R04_B1_all_valid_v1,B1_formal_pending_R04,R02_input_20260905,Franklin,1,False,False,3,model_fold3_G,all_valid,,OOF_date_group_diagnostic,log1p_C,3.1780538303479458,2.9271195113453605,0.0629680324532912
FREP-268947-G,R04_B1_all_valid_v1,B1_formal_pending_R04,R02_input_20260905,Franklin,1,False,False,3,model_fold3_G,all_valid,,OOF_date_group_diagnostic,log1p_C,6.333279628139691,3.068545846902242,10.658486662352969
FREP-268964-G,R04_B1_all_valid_v1,B1_formal_pending_R04,R02_input_20260905,Franklin,1,False,False,3,model_fold3_G,all_valid,,OOF_date_group_diagnostic,log1p_C,7.3901814282264295,2.973367507087442,19.50824521396716
FREP-268970-G,R04_B1_all_valid_v1,B1_formal_pending_R04,R02_input_20260905,Franklin,1,False,False,3,model_fold3_G,all_valid,,OOF_date_group_diagnostic,log1p_C,0.6931471805599453,3.5827621506992204,8.349874675653004
FREP-268974-G,R04_B1_all_valid_v1,B1_formal_pending_R04,R02_input_20260905,Franklin,1,False,False,3,model_fold3_G,all_valid,,OOF_date_group_diagnostic,log1p_C,5.697093486505405,3.0677552952341647,6.913419324077515
FREP-268978-G,R04_B1_all_valid_v1,B1_formal_pending_R04,R02_input_20260905,Eunice,1,False,False,0,model_fold0_G,all_valid,,OOF_date_group_diagnostic,log1p_C,6.2422232654551655,2.978231543275502,10.653641962457366
FREP-269008-G,R04_B1_all_valid_v1,B1_formal_pending_R04,R02_input_20260905,Franklin,1,False,False,3,model_fold3_G,all_valid,,OOF_date_group_diagnostic,log1p_C,5.768320995793772,3.0871685326690907,7.188578530519545
FREP-269011-G,R04_B1_all_valid_v1,B1_formal_pending_R04,R02_input_20260905,Eunice,1,False,False,0,model_fold0_G,all_valid,,OOF_date_group_diagnostic,log1p_C,6.302618975744905,3.114535363886333,10.163877116201197
FREP-269014-G,R04_B1_all_valid_v1,B1_formal_pending_R04,R02_input_20260905,Franklin,1,False,False,3,model_fold3_G,all_valid,,OOF_date_group_diagnostic,log1p_C,6.588926477533519,2.9925188090416843,12.934148117986876
FREP-269017-G,R04_B1_all_valid_v1,B1_formal_pending_R04,R02_input_20260905,Franklin,1,False,False,3,model_fold3_G,all_valid,,OOF_date_group_diagnostic,log1p_C,2.3978952727983707,3.1306232372636047,0.5368902699093653
FREP-269018-G,R04_B1_all_valid_v1,B1_formal_pending_R04,R02_input_20260905,Franklin,1,False,False,3,model_fold3_G,all_valid,,OOF_date_group_diagnostic,log1p_C,5.030437921392435,2.873609024173161,4.651910891880111
FREP-269028-G,R04_B1_all_valid_v1,B1_formal_pending_R04,R02_input_20260905,Eunice,1,False,False,0,model_fold0_G,all_valid,,OOF_date_group_diagnostic,log1p_C,4.477336814478207,3.2894628018636927,1.411044669844907
FREP-269029-G,R04_B1_all_valid_v1,B1_formal_pending_R04,R02_input_20260905,Eunice,1,False,False,0,model_fold0_G,all_valid,,OOF_date_group_diagnostic,log1p_C,0.0,3.2097930055670267,10.302771138587007
FREP-269033-G,R04_B1_all_valid_v1,B1_formal_pending_R04,R02_input_20260905,Franklin,1,False,False,3,model_fold3_G,all_valid,,OOF_date_group_diagnostic,log1p_C,0.6931471805599453,3.2565208493628703,6.570884565912167
FREP-269035-G,R04_B1_all_valid_v1,B1_formal_pending_R04,R02_input_20260905,Eunice,1,False,False,0,model_fold0_G,all_valid,,OOF_date_group_diagnostic,log1p_C,4.174387269895637,3.0165804824840814,1.3405165569762667
FREP-269036-G,R04_B1_all_valid_v1,B1_formal_pending_R04,R02_input_20260905,Franklin,1,False,False,3,model_fold3_G,all_valid,,OOF_date_group_diagnostic,log1p_C,5.429345628954441,3.1747894600319815,5.083023518826318
FREP-269041-G,R04_B1_all_valid_v1,B1_formal_pending_R04,R02_input_20260905,Franklin,1,False,False,4,model_fold4_G,all_valid,,OOF_date_group_diagnostic,log1p_C,0.6931471805599453,2.852659806992508,4.6634947837216645
FREP-269077-G,R04_B1_all_valid_v1,B1_formal_pending_R04,R02_input_20260905,Franklin,1,False,False,3,model_fold3_G,all_valid,,OOF_date_group_diagnostic,log1p_C,0.6931471805599453,2.969874906392997,5.183489137576939
FREP-269095-G,R04_B1_all_valid_v1,B1_formal_pending_R04,R02_input_20260905,Franklin,1,False,False,3,model_fold3_G,all_valid,,OOF_date_group_diagnostic,log1p_C,2.1972245773362196,3.5311826487621754,1.7794441363224553
FREP-269100-G,R04_B1_all_valid_v1,B1_formal_pending_R04,R02_input_20260905,Franklin,1,False,False,3,model_fold3_G,all_valid,,OOF_date_group_diagnostic,log1p_C,1.791759469228055,3.0546317046782296,1.5948462830709214
FREP-269108-G,R04_B1_all_valid_v1,B1_formal_pending_R04,R02_input_20260905,Eunice;Franklin,2,False,False,1,model_fold1_G,all_valid,,OOF_date_group_diagnostic,log1p_C,3.2188758248682006,2.6568134033415056,0.3159141656924521
FREP-269111-G,R04_B1_all_valid_v1,B1_formal_pending_R04,R02_input_20260905,Franklin,1,False,False,3,model_fold3_G,all_valid,,OOF_date_group_diagnostic,log1p_C,6.771935555839602,3.3912350057634852,11.429136209284959
FREP-269116-G,R04_B1_all_valid_v1,B1_formal_pending_R04,R02_input_20260905,Eunice;Franklin,2,False,False,1,model_fold1_G,all_valid,,OOF_date_group_diagnostic,log1p_C,3.367295829986474,2.6069788805922487,0.5780818635361412
FREP-269117-G,R04_B1_all_valid_v1,B1_formal_pending_R04,R02_input_20260905,Eunice;Franklin,2,False,False,1,model_fold1_G,all_valid,,OOF_date_group_diagnostic,log1p_C,0.6931471805599453,2.620654554310696,3.715284675863516
FREP-269118-G,R04_B1_all_valid_v1,B1_formal_pending_R04,R02_input_20260905,Franklin,1,False,False,3,model_fold3_G,all_valid,,OOF_date_group_diagnostic,log1p_C,2.772588722239781,3.551259040996015,0.6063274653119348
FREP-269125-G,R04_B1_all_valid_v1,B1_formal_pending_R04,R02_input_20260905,Franklin,1,False,False,3,model_fold3_G,all_valid,,OOF_date_group_diagnostic,log1p_C,1.791759469228055,3.4274131887776065,2.675363090276283
FREP-269145-G,R04_B1_all_valid_v1,B1_formal_pending_R04,R02_input_20260905,Franklin,1,False,False,3,model_fold3_G,all_valid,,OOF_date_group_diagnostic,log1p_C,3.6635616461296463,3.423344492529079,0.057704280883958535
FREP-269152-G,R04_B1_all_valid_v1,B1_formal_pending_R04,R02_input_20260905,Franklin,1,False,False,3,model_fold3_G,all_valid,,OOF_date_group_diagnostic,log1p_C,3.784189633918261,2.8829024267080503,0.8123186298807813
FREP-269153-G,R04_B1_all_valid_v1,B1_formal_pending_R04,R02_input_20260905,Franklin,1,False,False,3,model_fold3_G,all_valid,,OOF_date_group_diagnostic,log1p_C,1.0986122886681098,3.423344492529079,5.404379819668278
FREP-269159-G,R04_B1_all_valid_v1,B1_formal_pending_R04,R02_input_20260905,Franklin,1,False,False,3,model_fold3_G,all_valid,,OOF_date_group_diagnostic,log1p_C,0.6931471805599453,3.400969236939875,7.332300289017632
FREP-269167-G,R04_B1_all_valid_v1,B1_formal_pending_R04,R02_input_20260905,Franklin,1,False,False,3,model_fold3_G,all_valid,,OOF_date_group_diagnostic,log1p_C,0.6931471805599453,3.2326981351794797,6.449319051108988
FREP-269172-G,R04_B1_all_valid_v1,B1_formal_pending_R04,R02_input_20260905,Franklin,1,False,False,3,model_fold3_G,all_valid,,OOF_date_group_diagnostic,log1p_C,4.61512051684126,3.1903290120411585,2.030030832150537
FREP-269187-G,R04_B1_all_valid_v1,B1_formal_pending_R04,R02_input_20260905,Franklin,1,False,False,3,model_fold3_G,all_valid,,OOF_date_group_diagnostic,log1p_C,8.748939631537715,3.190276389093076,30.898737042905143
FREP-269189-G,R04_B1_all_valid_v1,B1_formal_pending_R04,R02_input_20260905,Franklin,1,False,False,3,model_fold3_G,all_valid,,OOF_date_group_diagnostic,log1p_C,0.6931471805599453,3.564837476236345,8.246605154282006
FREP-269194-G,R04_B1_all_valid_v1,B1_formal_pending_R04,R02_input_20260905,Franklin,1,False,False,3,model_fold3_G,all_valid,,OOF_date_group_diagnostic,log1p_C,4.976733742420574,3.6441643680261318,1.7757411375739958
FREP-269206-G,R04_B1_all_valid_v1,B1_formal_pending_R04,R02_input_20260905,Franklin,1,False,False,3,model_fold3_G,all_valid,,OOF_date_group_diagnostic,log1p_C,5.834810737062605,3.640901795579354,4.813236443520158
FREP-269217-G,R04_B1_all_valid_v1,B1_formal_pending_R04,R02_input_20260905,Franklin,1,False,False,3,model_fold3_G,all_valid,,OOF_date_group_diagnostic,log1p_C,6.880384082186005,3.5477464205425346,11.106473783804457
FREP-269225-G,R04_B1_all_valid_v1,B1_formal_pending_R04,R02_input_20260905,Franklin,1,False,False,3,model_fold3_G,all_valid,,OOF_date_group_diagnostic,log1p_C,5.916202062607435,3.4410435390159706,6.126409716907478
FREP-269233-G,R04_B1_all_valid_v1,B1_formal_pending_R04,R02_input_20260905,Franklin,1,False,False,3,model_fold3_G,all_valid,,OOF_date_group_diagnostic,log1p_C,0.6931471805599453,3.2676923308638703,6.628282730953459
FREP-269237-G,R04_B1_all_valid_v1,B1_formal_pending_R04,R02_input_20260905,Franklin,1,False,False,3,model_fold3_G,all_valid,,OOF_date_group_diagnostic,log1p_C,0.6931471805599453,3.5426654632763253,8.119754443534907
FREP-269240-G,R04_B1_all_valid_v1,B1_formal_pending_R04,R02_input_20260905,Franklin,1,False,False,3,model_fold3_G,all_valid,,OOF_date_group_diagnostic,log1p_C,4.1588830833596715,3.630113253720248,0.27959753273690485
FREP-269243-G,R04_B1_all_valid_v1,B1_formal_pending_R04,R02_input_20260905,Franklin,1,False,False,3,model_fold3_G,all_valid,,OOF_date_group_diagnostic,log1p_C,2.6390573296152584,3.2985291439677615,0.43490307392538236
FREP-269244-G,R04_B1_all_valid_v1,B1_formal_pending_R04,R02_input_20260905,Franklin,1,False,False,3,model_fold3_G,all_valid,,OOF_date_group_diagnostic,log1p_C,6.298949246855942,3.640901795579354,7.065216253237967
FREP-269247-G,R04_B1_all_valid_v1,B1_formal_pending_R04,R02_input_20260905,Franklin,1,False,False,3,model_fold3_G,all_valid,,OOF_date_group_diagnostic,log1p_C,2.4849066497880004,3.3152482228900824,0.6894671280216402
FREP-269248-G,R04_B1_all_valid_v1,B1_formal_pending_R04,R02_input_20260905,Franklin,1,False,False,3,model_fold3_G,all_valid,,OOF_date_group_diagnostic,log1p_C,5.602118820879701,3.444557745121512,4.655069795626833
FREP-269250-G,R04_B1_all_valid_v1,B1_formal_pending_R04,R02_input_20260905,Franklin,1,False,False,3,model_fold3_G,all_valid,,OOF_date_group_diagnostic,log1p_C,4.727387818712341,3.640901795579354,1.1804518784633333
FREP-269254-G,R04_B1_all_valid_v1,B1_formal_pending_R04,R02_input_20260905,Franklin,1,False,False,3,model_fold3_G,all_valid,,OOF_date_group_diagnostic,log1p_C,0.6931471805599453,3.5232689535659945,8.009589250042902
FREP-269259-G,R04_B1_all_valid_v1,B1_formal_pending_R04,R02_input_20260905,Franklin,1,False,False,3,model_fold3_G,all_valid,,OOF_date_group_diagnostic,log1p_C,2.0794415416798357,3.015152939228842,0.8755558195031141
FREP-269271-G,R04_B1_all_valid_v1,B1_formal_pending_R04,R02_input_20260905,Franklin,1,False,False,3,model_fold3_G,all_valid,,OOF_date_group_diagnostic,log1p_C,2.302585092994046,3.444557745121512,1.3041015382070391
FREP-269272-G,R04_B1_all_valid_v1,B1_formal_pending_R04,R02_input_20260905,Franklin,1,False,False,3,model_fold3_G,all_valid,,OOF_date_group_diagnostic,log1p_C,5.918893854273146,3.3322657312495116,6.690645046816771
FREP-269288-G,R04_B1_all_valid_v1,B1_formal_pending_R04,R02_input_20260905,Franklin,1,False,False,3,model_fold3_G,all_valid,,OOF_date_group_diagnostic,log1p_C,0.6931471805599453,3.1790739595592585,6.1798319505459
FREP-269289-G,R04_B1_all_valid_v1,B1_formal_pending_R04,R02_input_20260905,Franklin,1,False,False,3,model_fold3_G,all_valid,,OOF_date_group_diagnostic,log1p_C,0.6931471805599453,3.0766946103477837,5.68129835004821
FREP-269293-G,R04_B1_all_valid_v1,B1_formal_pending_R04,R02_input_20260905,Franklin,1,False,False,3,model_fold3_G,all_valid,,OOF_date_group_diagnostic,log1p_C,9.164505835632383,3.094777049127168,36.84160754173007
FREP-269298-G,R04_B1_all_valid_v1,B1_formal_pending_R04,R02_input_20260905,Franklin,1,False,False,3,model_fold3_G,all_valid,,OOF_date_group_diagnostic,log1p_C,0.6931471805599453,3.094777049127168,5.767826025594214
FREP-269300-G,R04_B1_all_valid_v1,B1_formal_pending_R04,R02_input_20260905,Franklin,1,False,False,3,model_fold3_G,all_valid,,OOF_date_group_diagnostic,log1p_C,6.92461239604856,3.094777049127168,14.667638784528501
FREP-269304-G,R04_B1_all_valid_v1,B1_formal_pending_R04,R02_input_20260905,Franklin,1,False,False,3,model_fold3_G,all_valid,,OOF_date_group_diagnostic,log1p_C,3.7376696182833684,3.2336873876894674,0.253998088754404
FREP-269306-G,R04_B1_all_valid_v1,B1_formal_pending_R04,R02_input_20260905,Eunice,1,False,False,0,model_fold0_G,all_valid,,OOF_date_group_diagnostic,log1p_C,5.017279836814924,2.9599006710244984,4.232809031828509
FREP-269316-G,R04_B1_all_valid_v1,B1_formal_pending_R04,R02_input_20260905,Franklin,1,False,False,3,model_fold3_G,all_valid,,OOF_date_group_diagnostic,log1p_C,0.6931471805599453,2.744365538366336,4.207496751401947
FREP-269317-G,R04_B1_all_valid_v1,B1_formal_pending_R04,R02_input_20260905,Franklin,1,False,False,3,model_fold3_G,all_valid,,OOF_date_group_diagnostic,log1p_C,5.176149732573829,2.880150568026376,5.271612163602601
FREP-269320-G,R04_B1_all_valid_v1,B1_formal_pending_R04,R02_input_20260905,Franklin,1,False,False,3,model_fold3_G,all_valid,,OOF_date_group_diagnostic,log1p_C,4.174387269895637,3.52512339162716,0.42154358362422367
FREP-269321-G,R04_B1_all_valid_v1,B1_formal_pending_R04,R02_input_20260905,Eunice,1,False,False,0,model_fold0_G,all_valid,,OOF_date_group_diagnostic,log1p_C,0.6931471805599453,3.235296376134219,6.462522532558926
FREP-269330-G,R04_B1_all_valid_v1,B1_formal_pending_R04,R02_input_20260905,Franklin,1,False,False,3,model_fold3_G,all_valid,,OOF_date_group_diagnostic,log1p_C,5.209486152841421,2.837465459798498,5.6264821682238315
FREP-269336-G,R04_B1_all_valid_v1,B1_formal_pending_R04,R02_input_20260905,Franklin,1,False,False,3,model_fold3_G,all_valid,,OOF_date_group_diagnostic,log1p_C,1.3862943611198906,2.768803219163262,1.9113307425683865
FREP-269342-G,R04_B1_all_valid_v1,B1_formal_pending_R04,R02_input_20260905,Franklin,1,False,False,3,model_fold3_G,all_valid,,OOF_date_group_diagnostic,log1p_C,5.3230099791384085,2.8387400026610092,6.171597316027018
FREP-269343-G,R04_B1_all_valid_v1,B1_formal_pending_R04,R02_input_20260905,Franklin,1,False,False,3,model_fold3_G,all_valid,,OOF_date_group_diagnostic,log1p_C,7.67786350067821,2.883580663112495,22.985147926577167
FREP-269354-G,R04_B1_all_valid_v1,B1_formal_pending_R04,R02_input_20260905,Franklin,1,False,False,3,model_fold3_G,all_valid,,OOF_date_group_diagnostic,log1p_C,0.6931471805599453,2.964391607358447,5.158551246263254
FREP-269357-G,R04_B1_all_valid_v1,B1_formal_pending_R04,R02_input_20260905,Franklin,1,False,False,3,model_fold3_G,all_valid,,OOF_date_group_diagnostic,log1p_C,3.332204510175204,3.32567354415114,4.265351720747833e-05
FREP-269360-G,R04_B1_all_valid_v1,B1_formal_pending_R04,R02_input_20260905,Franklin,1,False,False,3,model_fold3_G,all_valid,,OOF_date_group_diagnostic,log1p_C,0.6931471805599453,2.980447154167384,5.231741169264589
FREP-269366-G,R04_B1_all_valid_v1,B1_formal_pending_R04,R02_input_20260905,Franklin,1,False,False,3,model_fold3_G,all_valid,,OOF_date_group_diagnostic,log1p_C,2.0794415416798357,3.0001957374678754,0.8477882890612796
FREP-269374-G,R04_B1_all_valid_v1,B1_formal_pending_R04,R02_input_20260905,Franklin,1,False,False,3,model_fold3_G,all_valid,,OOF_date_group_diagnostic,log1p_C,3.4339872044851463,2.6688242432830185,0.5854743571956089
FREP-269382-G,R04_B1_all_valid_v1,B1_formal_pending_R04,R02_input_20260905,Franklin,1,False,False,3,model_fold3_G,all_valid,,OOF_date_group_diagnostic,log1p_C,4.890349128221754,2.9209872394401826,3.8783862489853176
FREP-269389-G,R04_B1_all_valid_v1,B1_formal_pending_R04,R02_input_20260905,Franklin,1,False,False,3,model_fold3_G,all_valid,,OOF_date_group_diagnostic,log1p_C,6.453624998892692,3.0067506156410784,11.88094301391619
FREP-269392-G,R04_B1_all_valid_v1,B1_formal_pending_R04,R02_input_20260905,Franklin,1,False,False,3,model_fold3_G,all_valid,,OOF_date_group_diagnostic,log1p_C,0.6931471805599453,3.236505129357108,6.46866965570971
FREP-269394-G,R04_B1_all_valid_v1,B1_formal_pending_R04,R02_input_20260905,Franklin,1,False,False,3,model_fold3_G,all_valid,,OOF_date_group_diagnostic,log1p_C,5.929589143389895,3.1013075852469147,7.999176572131682
FREP-269412-G,R04_B1_all_valid_v1,B1_formal_pending_R04,R02_input_20260905,Franklin,1,False,False,3,model_fold3_G,all_valid,,OOF_date_group_diagnostic,log1p_C,3.1780538303479458,3.046792746779663,0.017229472059519725
FREP-269413-G,R04_B1_all_valid_v1,B1_formal_pending_R04,R02_input_20260905,Eunice,1,False,False,0,model_fold0_G,all_valid,,OOF_date_group_diagnostic,log1p_C,1.6094379124341003,4.634858179865558,9.153167794585034
FREP-269422-G,R04_B1_all_valid_v1,B1_formal_pending_R04,R02_input_20260905,Franklin,1,False,False,3,model_fold3_G,all_valid,,OOF_date_group_diagnostic,log1p_C,0.6931471805599453,2.9714836132687616,5.1908169006083344
FREP-269432-G,R04_B1_all_valid_v1,B1_formal_pending_R04,R02_input_20260905,Franklin,1,False,False,3,model_fold3_G,all_valid,,OOF_date_group_diagnostic,log1p_C,0.6931471805599453,3.2372374521150546,6.47239530982135
FREP-269454-G,R04_B1_all_valid_v1,B1_formal_pending_R04,R02_input_20260905,Franklin,1,False,False,3,model_fold3_G,all_valid,,OOF_date_group_diagnostic,log1p_C,5.594711379601839,3.1483188100687105,5.984836604266904
FREP-269459-G,R04_B1_all_valid_v1,B1_formal_pending_R04,R02_input_20260905,Franklin,1,False,False,3,model_fold3_G,all_valid,,OOF_date_group_diagnostic,log1p_C,0.6931471805599453,2.8979716446375026,4.861250917394887
FREP-269462-G,R04_B1_all_valid_v1,B1_formal_pending_R04,R02_input_20260905,Franklin,1,False,False,3,model_fold3_G,all_valid,,OOF_date_group_diagnostic,log1p_C,6.826545223556594,2.9597887312061113,14.951805771134609
FREP-269465-G,R04_B1_all_valid_v1,B1_formal_pending_R04,R02_input_20260905,Franklin,1,False,False,3,model_fold3_G,all_valid,,OOF_date_group_diagnostic,log1p_C,4.02535169073515,3.083926563749572,0.8862812697198112
FREP-269467-G,R04_B1_all_valid_v1,B1_formal_pending_R04,R02_input_20260905,Franklin,1,False,False,4,model_fold4_G,all_valid,,OOF_date_group_diagnostic,log1p_C,2.5649493574615367,2.9791627611121227,0.1715727437638033
FREP-269468-G,R04_B1_all_valid_v1,B1_formal_pending_R04,R02_input_20260905,Franklin,1,False,False,3,model_fold3_G,all_valid,,OOF_date_group_diagnostic,log1p_C,0.6931471805599453,3.063469121586263,5.618426104110769
FREP-269472-G,R04_B1_all_valid_v1,B1_formal_pending_R04,R02_input_20260905,Franklin,1,False,False,3,model_fold3_G,all_valid,,OOF_date_group_diagnostic,log1p_C,4.762173934797756,2.9420805522326536,3.3127399212572772
FREP-269493-G,R04_B1_all_valid_v1,B1_formal_pending_R04,R02_input_20260905,Franklin,1,False,False,3,model_fold3_G,all_valid,,OOF_date_group_diagnostic,log1p_C,3.1780538303479458,3.02638223698655,0.023004272232784635
FREP-269516-G,R04_B1_all_valid_v1,B1_formal_pending_R04,R02_input_20260905,Franklin,1,False,False,3,model_fold3_G,all_valid,,OOF_date_group_diagnostic,log1p_C,1.9459101490553132,2.6442206587839467,0.48763756799746394
FREP-269520-G,R04_B1_all_valid_v1,B1_formal_pending_R04,R02_input_20260905,Franklin,1,False,False,4,model_fold4_G,all_valid,,OOF_date_group_diagnostic,log1p_C,3.4965075614664802,2.8903310203134858,0.367449999044208
FREP-269530-G,R04_B1_all_valid_v1,B1_formal_pending_R04,R02_input_20260905,Franklin,1,False,False,3,model_fold3_G,all_valid,,OOF_date_group_diagnostic,log1p_C,0.6931471805599453,3.02638223698655,5.44398582853806
FREP-269540-G,R04_B1_all_valid_v1,B1_formal_pending_R04,R02_input_20260905,Franklin,1,False,False,3,model_fold3_G,all_valid,,OOF_date_group_diagnostic,log1p_C,0.6931471805599453,2.6949792578583063,4.00733166570067
FREP-269543-G,R04_B1_all_valid_v1,B1_formal_pending_R04,R02_input_20260905,Franklin,1,False,False,3,model_fold3_G,all_valid,,OOF_date_group_diagnostic,log1p_C,1.3862943611198906,3.244006203188173,3.4510932881607315
FREP-269545-G,R04_B1_all_valid_v1,B1_formal_pending_R04,R02_input_20260905,Eunice,1,False,False,0,model_fold0_G,all_valid,,OOF_date_group_diagnostic,log1p_C,6.79794041297493,4.470958270048541,5.41484589349829
FREP-269556-G,R04_B1_all_valid_v1,B1_formal_pending_R04,R02_input_20260905,Franklin,1,False,False,3,model_fold3_G,all_valid,,OOF_date_group_diagnostic,log1p_C,6.008813185442595,2.979973550205193,9.173869535985034
FREP-269557-G,R04_B1_all_valid_v1,B1_formal_pending_R04,R02_input_20260905,Franklin,1,False,False,3,model_fold3_G,all_valid,,OOF_date_group_diagnostic,log1p_C,0.6931471805599453,3.229244444401715,6.43178933166571
FREP-269558-G,R04_B1_all_valid_v1,B1_formal_pending_R04,R02_input_20260905,Franklin,1,False,False,4,model_fold4_G,all_valid,,OOF_date_group_diagnostic,log1p_C,0.6931471805599453,2.879630728344828,4.780710304733968
FREP-269565-G,R04_B1_all_valid_v1,B1_formal_pending_R04,R02_input_20260905,Franklin,1,False,False,3,model_fold3_G,all_valid,,OOF_date_group_diagnostic,log1p_C,2.9444389791664403,3.195703720635079,0.06313397030530192
FREP-269575-G,R04_B1_all_valid_v1,B1_formal_pending_R04,R02_input_20260905,Franklin,1,False,False,3,model_fold3_G,all_valid,,OOF_date_group_diagnostic,log1p_C,2.772588722239781,2.9698412341939684,0.03890855347223678
FREP-269576-G,R04_B1_all_valid_v1,B1_formal_pending_R04,R02_input_20260905,Eunice;Franklin,2,False,False,1,model_fold1_G,all_valid,,OOF_date_group_diagnostic,log1p_C,2.9444389791664403,3.0044882457619075,0.003605914418653502
FREP-269581-G,R04_B1_all_valid_v1,B1_formal_pending_R04,R02_input_20260905,Franklin,1,False,False,3,model_fold3_G,all_valid,,OOF_date_group_diagnostic,log1p_C,2.4849066497880004,3.2104633815425143,0.5264325709942917
FREP-269582-G,R04_B1_all_valid_v1,B1_formal_pending_R04,R02_input_20260905,Franklin,1,False,False,3,model_fold3_G,all_valid,,OOF_date_group_diagnostic,log1p_C,3.784189633918261,2.782491221176626,1.0033997100891106
FREP-269592-G,R04_B1_all_valid_v1,B1_formal_pending_R04,R02_input_20260905,Franklin,1,False,False,3,model_fold3_G,all_valid,,OOF_date_group_diagnostic,log1p_C,5.786897381366708,2.9698412341939684,7.935805336323718
FREP-269598-G,R04_B1_all_valid_v1,B1_formal_pending_R04,R02_input_20260905,Franklin,1,False,False,3,model_fold3_G,all_valid,,OOF_date_group_diagnostic,log1p_C,3.044522437723423,3.0831545498008768,0.0014924400835649488
FREP-269603-G,R04_B1_all_valid_v1,B1_formal_pending_R04,R02_input_20260905,Franklin,1,False,False,3,model_fold3_G,all_valid,,OOF_date_group_diagnostic,log1p_C,0.6931471805599453,2.4139944605096555,2.9613153609103158
FREP-269614-G,R04_B1_all_valid_v1,B1_formal_pending_R04,R02_input_20260905,Franklin,1,False,False,3,model_fold3_G,all_valid,,OOF_date_group_diagnostic,log1p_C,3.367295829986474,3.333524723644515,0.0011404876235599042
FREP-269631-G,R04_B1_all_valid_v1,B1_formal_pending_R04,R02_input_20260905,Eunice,1,False,False,0,model_fold0_G,all_valid,,OOF_date_group_diagnostic,log1p_C,6.234410725718371,4.857560418906872,1.8957167673669189
FREP-269632-G,R04_B1_all_valid_v1,B1_formal_pending_R04,R02_input_20260905,Eunice,1,False,False,0,model_fold0_G,all_valid,,OOF_date_group_diagnostic,log1p_C,8.641885635373555,4.770587872143559,14.98694637158957
FREP-269635-G,R04_B1_all_valid_v1,B1_formal_pending_R04,R02_input_20260905,Franklin,1,False,False,3,model_fold3_G,all_valid,,OOF_date_group_diagnostic,log1p_C,0.6931471805599453,3.143505393410802,6.004255371285644
FREP-269644-G,R04_B1_all_valid_v1,B1_formal_pending_R04,R02_input_20260905,Franklin,1,False,False,3,model_fold3_G,all_valid,,OOF_date_group_diagnostic,log1p_C,3.4011973816621555,3.1346896216320554,0.07102638615626138
FREP-269655-G,R04_B1_all_valid_v1,B1_formal_pending_R04,R02_input_20260905,Eunice;Franklin,2,False,False,1,model_fold1_G,all_valid,,OOF_date_group_diagnostic,log1p_C,5.214935757608986,2.7362669606471473,6.143799005032248
FREP-269656-G,R04_B1_all_valid_v1,B1_formal_pending_R04,R02_input_20260905,Eunice,1,False,False,0,model_fold0_G,all_valid,,OOF_date_group_diagnostic,log1p_C,6.5337888379333435,3.1019001314976897,11.777860093360585
FREP-269658-G,R04_B1_all_valid_v1,B1_formal_pending_R04,R02_input_20260905,Franklin,1,False,False,3,model_fold3_G,all_valid,,OOF_date_group_diagnostic,log1p_C,3.9512437185814275,2.9420297543510374,1.0185128255976192
FREP-269659-G,R04_B1_all_valid_v1,B1_formal_pending_R04,R02_input_20260905,Franklin,1,False,False,3,model_fold3_G,all_valid,,OOF_date_group_diagnostic,log1p_C,4.060443010546419,3.0145938537239925,1.0938004588261807
FREP-269664-G,R04_B1_all_valid_v1,B1_formal_pending_R04,R02_input_20260905,Eunice,1,False,False,0,model_fold0_G,all_valid,,OOF_date_group_diagnostic,log1p_C,0.0,3.414105818903475,11.656118542670567
FREP-269673-G,R04_B1_all_valid_v1,B1_formal_pending_R04,R02_input_20260905,Franklin,1,False,False,3,model_fold3_G,all_valid,,OOF_date_group_diagnostic,log1p_C,0.6931471805599453,2.8779968592547305,4.7735681184927055
FREP-269678-G,R04_B1_all_valid_v1,B1_formal_pending_R04,R02_input_20260905,Franklin,1,False,False,3,model_fold3_G,all_valid,,OOF_date_group_diagnostic,log1p_C,2.70805020110221,2.893790131449262,0.034499321725327624
FREP-269681-G,R04_B1_all_valid_v1,B1_formal_pending_R04,R02_input_20260905,Franklin,1,False,False,3,model_fold3_G,all_valid,,OOF_date_group_diagnostic,log1p_C,0.0,3.0537924641402068,9.325648414039517
FREP-269685-G,R04_B1_all_valid_v1,B1_formal_pending_R04,R02_input_20260905,Franklin,1,False,False,3,model_fold3_G,all_valid,,OOF_date_group_diagnostic,log1p_C,0.6931471805599453,2.7159292069043515,4.091647126101981
FREP-269686-G,R04_B1_all_valid_v1,B1_formal_pending_R04,R02_input_20260905,Franklin,1,False,False,3,model_fold3_G,all_valid,,OOF_date_group_diagnostic,log1p_C,0.0,2.9207480780358535,8.530769335350131
FREP-269697-G,R04_B1_all_valid_v1,B1_formal_pending_R04,R02_input_20260905,Franklin,1,False,False,3,model_fold3_G,all_valid,,OOF_date_group_diagnostic,log1p_C,2.3978952727983707,2.574390026895695,0.03115039822387505
FREP-269708-G,R04_B1_all_valid_v1,B1_formal_pending_R04,R02_input_20260905,Franklin,1,False,False,3,model_fold3_G,all_valid,,OOF_date_group_diagnostic,log1p_C,0.6931471805599453,2.8288046064213273,4.5610326406368635
FREP-269718-G,R04_B1_all_valid_v1,B1_formal_pending_R04,R02_input_20260905,Franklin,1,False,False,4,model_fold4_G,all_valid,,OOF_date_group_diagnostic,log1p_C,0.6931471805599453,2.959082260891827,5.134461788278649
FREP-269720-G,R04_B1_all_valid_v1,B1_formal_pending_R04,R02_input_20260905,Franklin,1,False,False,3,model_fold3_G,all_valid,,OOF_date_group_diagnostic,log1p_C,4.02535169073515,2.8070041675762454,1.4843706871874367
FREP-269728-G,R04_B1_all_valid_v1,B1_formal_pending_R04,R02_input_20260905,Franklin,1,False,False,3,model_fold3_G,all_valid,,OOF_date_group_diagnostic,log1p_C,1.0986122886681098,2.6719856641828517,2.475503778778653
FREP-269737-G,R04_B1_all_valid_v1,B1_formal_pending_R04,R02_input_20260905,Franklin,1,False,False,3,model_fold3_G,all_valid,,OOF_date_group_diagnostic,log1p_C,1.9459101490553132,2.5962632927911997,0.4229592115671506
FREP-269746-G,R04_B1_all_valid_v1,B1_formal_pending_R04,R02_input_20260905,Franklin,1,False,False,3,model_fold3_G,all_valid,,OOF_date_group_diagnostic,log1p_C,6.07073772800249,2.5890376459268176,12.122235461525742
FREP-269751-G,R04_B1_all_valid_v1,B1_formal_pending_R04,R02_input_20260905,Franklin,1,False,False,3,model_fold3_G,all_valid,,OOF_date_group_diagnostic,log1p_C,3.4011973816621555,2.57017465541178,0.6905987715446062
FREP-269761-G,R04_B1_all_valid_v1,B1_formal_pending_R04,R02_input_20260905,Franklin,1,False,False,3,model_fold3_G,all_valid,,OOF_date_group_diagnostic,log1p_C,0.6931471805599453,2.7781228436268797,4.347123515581402
FREP-269763-G,R04_B1_all_valid_v1,B1_formal_pending_R04,R02_input_20260905,Franklin,1,False,False,3,model_fold3_G,all_valid,,OOF_date_group_diagnostic,log1p_C,0.6931471805599453,2.704960050687594,4.0473910244112465
FREP-269766-G,R04_B1_all_valid_v1,B1_formal_pending_R04,R02_input_20260905,Franklin,1,False,False,4,model_fold4_G,all_valid,,OOF_date_group_diagnostic,log1p_C,5.247024072160486,2.758230175984785,6.194095057641426
FREP-269769-G,R04_B1_all_valid_v1,B1_formal_pending_R04,R02_input_20260905,Franklin,1,False,False,3,model_fold3_G,all_valid,,OOF_date_group_diagnostic,log1p_C,0.6931471805599453,2.8969036117599303,4.856542408055294
FREP-269771-G,R04_B1_all_valid_v1,B1_formal_pending_R04,R02_input_20260905,Franklin,1,False,False,3,model_fold3_G,all_valid,,OOF_date_group_diagnostic,log1p_C,0.6931471805599453,2.602676160393186,3.646300924822977
FREP-269774-G,R04_B1_all_valid_v1,B1_formal_pending_R04,R02_input_20260905,Franklin,1,False,False,3,model_fold3_G,all_valid,,OOF_date_group_diagnostic,log1p_C,0.6931471805599453,2.655348157982472,3.850232675797919
FREP-269782-G,R04_B1_all_valid_v1,B1_formal_pending_R04,R02_input_20260905,Franklin,1,False,False,3,model_fold3_G,all_valid,,OOF_date_group_diagnostic,log1p_C,5.484796933490655,2.844094777029,6.973307879141235
FREP-269793-G,R04_B1_all_valid_v1,B1_formal_pending_R04,R02_input_20260905,Franklin,1,False,False,3,model_fold3_G,all_valid,,OOF_date_group_diagnostic,log1p_C,5.69035945432406,2.7231497739875854,8.804333287082484
FREP-269802-G,R04_B1_all_valid_v1,B1_formal_pending_R04,R02_input_20260905,Franklin,1,False,False,4,model_fold4_G,all_valid,,OOF_date_group_diagnostic,log1p_C,4.127134385045092,2.735274988257343,1.9372725804263555
FREP-269815-G,R04_B1_all_valid_v1,B1_formal_pending_R04,R02_input_20260905,Franklin,1,False,False,3,model_fold3_G,all_valid,,OOF_date_group_diagnostic,log1p_C,2.0794415416798357,2.686764698529849,0.36884141684626554
FREP-269824-G,R04_B1_all_valid_v1,B1_formal_pending_R04,R02_input_20260905,Franklin,1,False,False,3,model_fold3_G,all_valid,,OOF_date_group_diagnostic,log1p_C,1.9459101490553132,3.65112734568048,2.907765687666193
FREP-269825-G,R04_B1_all_valid_v1,B1_formal_pending_R04,R02_input_20260905,Franklin,1,False,False,3,model_fold3_G,all_valid,,OOF_date_group_diagnostic,log1p_C,0.6931471805599453,2.769297785939914,4.31040133621961
FREP-269827-G,R04_B1_all_valid_v1,B1_formal_pending_R04,R02_input_20260905,Franklin,1,False,False,3,model_fold3_G,all_valid,,OOF_date_group_diagnostic,log1p_C,1.0986122886681098,2.7088121502180442,2.592743594135428
FREP-269836-G,R04_B1_all_valid_v1,B1_formal_pending_R04,R02_input_20260905,Franklin,1,False,False,4,model_fold4_G,all_valid,,OOF_date_group_diagnostic,log1p_C,0.6931471805599453,2.9606076032777557,5.141376768591631
FREP-269840-G,R04_B1_all_valid_v1,B1_formal_pending_R04,R02_input_20260905,Franklin,1,False,False,4,model_fold4_G,all_valid,,OOF_date_group_diagnostic,log1p_C,1.3862943611198906,2.955909235486637,2.463690853833337
FREP-269847-G,R04_B1_all_valid_v1,B1_formal_pending_R04,R02_input_20260905,Franklin,1,False,False,3,model_fold3_G,all_valid,,OOF_date_group_diagnostic,log1p_C,0.6931471805599453,2.7299366175769006,4.1485112107438455
FREP-269852-G,R04_B1_all_valid_v1,B1_formal_pending_R04,R02_input_20260905,Franklin,1,False,False,3,model_fold3_G,all_valid,,OOF_date_group_diagnostic,log1p_C,1.791759469228055,2.7487251380513724,0.9157832913064593
FREP-269862-G,R04_B1_all_valid_v1,B1_formal_pending_R04,R02_input_20260905,Franklin,1,False,False,3,model_fold3_G,all_valid,,OOF_date_group_diagnostic,log1p_C,8.393216011596527,2.686678364525183,32.56457191744255
FREP-269870-G,R04_B1_all_valid_v1,B1_formal_pending_R04,R02_input_20260905,Franklin,1,False,False,3,model_fold3_G,all_valid,,OOF_date_group_diagnostic,log1p_C,4.867534450455582,2.426172643515683,5.960247472384848
FREP-269875-G,R04_B1_all_valid_v1,B1_formal_pending_R04,R02_input_20260905,Franklin,1,False,False,4,model_fold4_G,all_valid,,OOF_date_group_diagnostic,log1p_C,4.709530201312334,2.7282950479708967,3.925292732835868
FREP-269878-G,R04_B1_all_valid_v1,B1_formal_pending_R04,R02_input_20260905,Franklin,1,False,False,3,model_fold3_G,all_valid,,OOF_date_group_diagnostic,log1p_C,6.198478716492308,2.6688242432830185,12.458460700246347
FREP-269884-G,R04_B1_all_valid_v1,B1_formal_pending_R04,R02_input_20260905,Franklin,1,False,False,3,model_fold3_G,all_valid,,OOF_date_group_diagnostic,log1p_C,2.0794415416798357,2.98950693861875,0.8282190267055832
FREP-269911-G,R04_B1_all_valid_v1,B1_formal_pending_R04,R02_input_20260905,Franklin,1,False,False,4,model_fold4_G,all_valid,,OOF_date_group_diagnostic,log1p_C,1.3862943611198906,2.8374407148485004,2.1058257399398395
FREP-269918-G,R04_B1_all_valid_v1,B1_formal_pending_R04,R02_input_20260905,Franklin,1,False,False,3,model_fold3_G,all_valid,,OOF_date_group_diagnostic,log1p_C,6.522092798170152,3.2818782708760392,10.49899018288781
FREP-269921-G,R04_B1_all_valid_v1,B1_formal_pending_R04,R02_input_20260905,Franklin,1,False,False,4,model_fold4_G,all_valid,,OOF_date_group_diagnostic,log1p_C,2.833213344056216,2.7045312499656484,0.01655908133953373
FREP-269922-G,R04_B1_all_valid_v1,B1_formal_pending_R04,R02_input_20260905,Franklin,1,False,False,4,model_fold4_G,all_valid,,OOF_date_group_diagnostic,log1p_C,1.3862943611198906,2.8929906946915174,2.270133841598183
FREP-269945-G,R04_B1_all_valid_v1,B1_formal_pending_R04,R02_input_20260905,Franklin,1,False,False,4,model_fold4_G,all_valid,,OOF_date_group_diagnostic,log1p_C,0.6931471805599453,2.8586731595780135,4.689502765802162
FREP-269959-G,R04_B1_all_valid_v1,B1_formal_pending_R04,R02_input_20260905,Franklin,1,False,False,4,model_fold4_G,all_valid,,OOF_date_group_diagnostic,log1p_C,4.68213122712422,2.9075388627460113,3.149178059709441
FREP-269963-G,R04_B1_all_valid_v1,B1_formal_pending_R04,R02_input_20260905,Franklin,1,False,False,4,model_fold4_G,all_valid,,OOF_date_group_diagnostic,log1p_C,6.182084906716632,2.760341834218204,11.708325654190984
FREP-269964-G,R04_B1_all_valid_v1,B1_formal_pending_R04,R02_input_20260905,Franklin,1,False,False,4,model_fold4_G,all_valid,,OOF_date_group_diagnostic,log1p_C,4.709530201312334,2.8761624849253478,3.3612371834900325
FREP-269966-G,R04_B1_all_valid_v1,B1_formal_pending_R04,R02_input_20260905,Franklin,1,False,False,4,model_fold4_G,all_valid,,OOF_date_group_diagnostic,log1p_C,3.5263605246161616,2.9191805956828563,0.36866746609945367
FREP-269967-G,R04_B1_all_valid_v1,B1_formal_pending_R04,R02_input_20260905,Franklin,1,False,False,4,model_fold4_G,all_valid,,OOF_date_group_diagnostic,log1p_C,5.645446897643238,2.934180264234721,7.350966757434353
FREP-269980-G,R04_B1_all_valid_v1,B1_formal_pending_R04,R02_input_20260905,Franklin,1,False,False,4,model_fold4_G,all_valid,,OOF_date_group_diagnostic,log1p_C,6.51471269087253,2.8880425969373933,13.152735970243494
FREP-269982-G,R04_B1_all_valid_v1,B1_formal_pending_R04,R02_input_20260905,Franklin,1,False,False,4,model_fold4_G,all_valid,,OOF_date_group_diagnostic,log1p_C,0.6931471805599453,2.862388592791768,4.705608304541512
FREP-269983-G,R04_B1_all_valid_v1,B1_formal_pending_R04,R02_input_20260905,Eunice,1,False,False,0,model_fold0_G,all_valid,,OOF_date_group_diagnostic,log1p_C,1.0986122886681098,4.778622083263009,13.542472088314392
FREP-269988-G,R04_B1_all_valid_v1,B1_formal_pending_R04,R02_input_20260905,Franklin,1,False,False,4,model_fold4_G,all_valid,,OOF_date_group_diagnostic,log1p_C,0.6931471805599453,2.8159938140594,4.506477829359968
FREP-270009-G,R04_B1_all_valid_v1,B1_formal_pending_R04,R02_input_20260905,Franklin,1,False,False,4,model_fold4_G,all_valid,,OOF_date_group_diagnostic,log1p_C,8.012349639327795,2.8211517385613862,26.94853564492156
FREP-270018-G,R04_B1_all_valid_v1,B1_formal_pending_R04,R02_input_20260905,Franklin,1,False,False,3,model_fold3_G,all_valid,,OOF_date_group_diagnostic,log1p_C,0.6931471805599453,2.8198828213442773,4.523004485782343
FREP-270021-G,R04_B1_all_valid_v1,B1_formal_pending_R04,R02_input_20260905,Franklin,1,False,False,4,model_fold4_G,all_valid,,OOF_date_group_diagnostic,log1p_C,1.0986122886681098,2.870570499786063,3.139835901948337
FREP-270026-G,R04_B1_all_valid_v1,B1_formal_pending_R04,R02_input_20260905,Eunice,1,False,False,0,model_fold0_G,all_valid,,OOF_date_group_diagnostic,log1p_C,1.0986122886681098,5.500736955992436,19.378701586665308
FREP-270033-G,R04_B1_all_valid_v1,B1_formal_pending_R04,R02_input_20260905,Franklin,1,False,False,4,model_fold4_G,all_valid,,OOF_date_group_diagnostic,log1p_C,4.1588830833596715,2.9705813703275608,1.4120609611950488
FREP-270036-G,R04_B1_all_valid_v1,B1_formal_pending_R04,R02_input_20260905,Franklin,1,False,False,4,model_fold4_G,all_valid,,OOF_date_group_diagnostic,log1p_C,4.5217885770490405,2.7628074377988465,3.09401464823791
FREP-270045-G,R04_B1_all_valid_v1,B1_formal_pending_R04,R02_input_20260905,Franklin,1,False,False,4,model_fold4_G,all_valid,,OOF_date_group_diagnostic,log1p_C,4.727387818712341,2.9050385970641144,3.320956685641897
FREP-270055-G,R04_B1_all_valid_v1,B1_formal_pending_R04,R02_input_20260905,Franklin,1,False,False,4,model_fold4_G,all_valid,,OOF_date_group_diagnostic,log1p_C,0.6931471805599453,3.015479720663223,5.3932284268225406
FREP-270056-G,R04_B1_all_valid_v1,B1_formal_pending_R04,R02_input_20260905,Franklin,1,False,False,4,model_fold4_G,all_valid,,OOF_date_group_diagnostic,log1p_C,1.9459101490553132,2.7060630162263273,0.5778323814683133
FREP-270058-G,R04_B1_all_valid_v1,B1_formal_pending_R04,R02_input_20260905,Franklin,1,False,False,4,model_fold4_G,all_valid,,OOF_date_group_diagnostic,log1p_C,4.859812404361672,3.012939792321537,3.4109384451039504
FREP-270071-G,R04_B1_all_valid_v1,B1_formal_pending_R04,R02_input_20260905,Franklin,1,False,False,4,model_fold4_G,all_valid,,OOF_date_group_diagnostic,log1p_C,7.256297239690681,2.953492266748649,18.514130635174674
FREP-270074-G,R04_B1_all_valid_v1,B1_formal_pending_R04,R02_input_20260905,Franklin,1,False,False,4,model_fold4_G,all_valid,,OOF_date_group_diagnostic,log1p_C,2.302585092994046,2.952978961102986,0.42301218367370935
FREP-270095-G,R04_B1_all_valid_v1,B1_formal_pending_R04,R02_input_20260905,Franklin,1,False,False,4,model_fold4_G,all_valid,,OOF_date_group_diagnostic,log1p_C,0.6931471805599453,2.968899929549141,5.179050574531882
FREP-270102-G,R04_B1_all_valid_v1,B1_formal_pending_R04,R02_input_20260905,Franklin,1,False,False,3,model_fold3_G,all_valid,,OOF_date_group_diagnostic,log1p_C,0.6931471805599453,3.344219251843249,7.028183127138346
FREP-270127-G,R04_B1_all_valid_v1,B1_formal_pending_R04,R02_input_20260905,Franklin,1,False,False,4,model_fold4_G,all_valid,,OOF_date_group_diagnostic,log1p_C,4.219507705176107,2.866071748942091,1.8317888876270856
FREP-270128-G,R04_B1_all_valid_v1,B1_formal_pending_R04,R02_input_20260905,Franklin,1,False,False,4,model_fold4_G,all_valid,,OOF_date_group_diagnostic,log1p_C,1.0986122886681098,2.9770014919242307,3.5283459989091646
FREP-270129-G,R04_B1_all_valid_v1,B1_formal_pending_R04,R02_input_20260905,Franklin,1,False,False,4,model_fold4_G,all_valid,,OOF_date_group_diagnostic,log1p_C,6.180016653652572,2.6933670857120524,12.156725209619813
FREP-270143-G,R04_B1_all_valid_v1,B1_formal_pending_R04,R02_input_20260905,Franklin,1,False,False,4,model_fold4_G,all_valid,,OOF_date_group_diagnostic,log1p_C,1.0986122886681098,2.789468455780643,2.8589945778624863
FREP-270149-G,R04_B1_all_valid_v1,B1_formal_pending_R04,R02_input_20260905,Franklin,1,False,False,4,model_fold4_G,all_valid,,OOF_date_group_diagnostic,log1p_C,4.634728988229636,2.770865188483225,3.4739882640051283
FREP-270169-G,R04_B1_all_valid_v1,B1_formal_pending_R04,R02_input_20260905,Franklin,1,False,False,4,model_fold4_G,all_valid,,OOF_date_group_diagnostic,log1p_C,2.0794415416798357,2.988209949951014,0.8258600198717313
FREP-270203-G,R04_B1_all_valid_v1,B1_formal_pending_R04,R02_input_20260905,Franklin,1,False,False,4,model_fold4_G,all_valid,,OOF_date_group_diagnostic,log1p_C,1.9459101490553132,2.9469607581922235,1.0021023220533791
FREP-270209-G,R04_B1_all_valid_v1,B1_formal_pending_R04,R02_input_20260905,Franklin,1,False,False,4,model_fold4_G,all_valid,,OOF_date_group_diagnostic,log1p_C,0.6931471805599453,2.5917031016568313,3.6045145855320446
FREP-270215-G,R04_B1_all_valid_v1,B1_formal_pending_R04,R02_input_20260905,Franklin,1,False,False,4,model_fold4_G,all_valid,,OOF_date_group_diagnostic,log1p_C,0.6931471805599453,2.9048256754953083,4.891521764959553
FREP-270216-G,R04_B1_all_valid_v1,B1_formal_pending_R04,R02_input_20260905,Franklin,1,False,False,4,model_fold4_G,all_valid,,OOF_date_group_diagnostic,log1p_C,4.30406509320417,2.8661798397534666,2.067514002090994
FREP-270223-G,R04_B1_all_valid_v1,B1_formal_pending_R04,R02_input_20260905,Franklin,1,False,False,3,model_fold3_G,all_valid,,OOF_date_group_diagnostic,log1p_C,4.248495242049359,2.686678364525183,2.439271958919368
FREP-270224-G,R04_B1_all_valid_v1,B1_formal_pending_R04,R02_input_20260905,Franklin,1,False,False,4,model_fold4_G,all_valid,,OOF_date_group_diagnostic,log1p_C,3.828641396489095,2.980543223837114,0.7192705104556293
FREP-270225-G,R04_B1_all_valid_v1,B1_formal_pending_R04,R02_input_20260905,Franklin,1,False,False,3,model_fold3_G,all_valid,,OOF_date_group_diagnostic,log1p_C,5.8971538676367405,2.686678364525183,10.307152956079408
FREP-270228-G,R04_B1_all_valid_v1,B1_formal_pending_R04,R02_input_20260905,Eunice,1,False,False,0,model_fold0_G,all_valid,,OOF_date_group_diagnostic,log1p_C,2.772588722239781,4.589432124690409,3.3009199490283727
FREP-270244-G,R04_B1_all_valid_v1,B1_formal_pending_R04,R02_input_20260905,Franklin,1,False,False,4,model_fold4_G,all_valid,,OOF_date_group_diagnostic,log1p_C,1.0986122886681098,2.824464515739134,2.9785659096860138
FREP-270254-G,R04_B1_all_valid_v1,B1_formal_pending_R04,R02_input_20260905,Eunice,1,False,False,0,model_fold0_G,all_valid,,OOF_date_group_diagnostic,log1p_C,0.6931471805599453,5.0474741181359875,18.960163079300354
FREP-270262-G,R04_B1_all_valid_v1,B1_formal_pending_R04,R02_input_20260905,Franklin,1,False,False,3,model_fold3_G,all_valid,,OOF_date_group_diagnostic,log1p_C,3.044522437723423,2.8658555808828328,0.03192184573329597
FREP-270263-G,R04_B1_all_valid_v1,B1_formal_pending_R04,R02_input_20260905,Franklin,1,False,False,4,model_fold4_G,all_valid,,OOF_date_group_diagnostic,log1p_C,6.246106765481563,2.7215700567768084,12.422359011007343
FREP-270266-G,R04_B1_all_valid_v1,B1_formal_pending_R04,R02_input_20260905,Franklin,1,False,False,4,model_fold4_G,all_valid,,OOF_date_group_diagnostic,log1p_C,0.6931471805599453,2.528889463328633,3.369949728744793
FREP-270270-G,R04_B1_all_valid_v1,B1_formal_pending_R04,R02_input_20260905,Franklin,1,False,False,4,model_fold4_G,all_valid,,OOF_date_group_diagnostic,log1p_C,0.6931471805599453,2.652906886084603,3.8406581033980918
FREP-270274-G,R04_B1_all_valid_v1,B1_formal_pending_R04,R02_input_20260905,Franklin,1,False,False,4,model_fold4_G,all_valid,,OOF_date_group_diagnostic,log1p_C,0.6931471805599453,2.7830901340577756,4.367861548875234
FREP-270276-G,R04_B1_all_valid_v1,B1_formal_pending_R04,R02_input_20260905,Franklin,1,False,False,4,model_fold4_G,all_valid,,OOF_date_group_diagnostic,log1p_C,6.295266001439646,2.794120023722672,12.258023157283747
FREP-270311-G,R04_B1_all_valid_v1,B1_formal_pending_R04,R02_input_20260905,Eunice,1,False,False,0,model_fold0_G,all_valid,,OOF_date_group_diagnostic,log1p_C,0.6931471805599453,2.656247917415346,3.8537645030422167
FREP-270408-G,R04_B1_all_valid_v1,B1_formal_pending_R04,R02_input_20260905,Franklin,1,False,False,3,model_fold3_G,all_valid,,OOF_date_group_diagnostic,log1p_C,1.0986122886681098,2.7910277344713066,2.8642700411932336
FREP-270425-G,R04_B1_all_valid_v1,B1_formal_pending_R04,R02_input_20260905,Franklin,1,False,False,3,model_fold3_G,all_valid,,OOF_date_group_diagnostic,log1p_C,1.791759469228055,3.5921135806664637,3.2412749265731824
FREP-270465-G,R04_B1_all_valid_v1,B1_formal_pending_R04,R02_input_20260905,Franklin,1,False,False,4,model_fold4_G,all_valid,,OOF_date_group_diagnostic,log1p_C,3.332204510175204,2.776404173709402,0.3089140140154987
FREP-270467-G,R04_B1_all_valid_v1,B1_formal_pending_R04,R02_input_20260905,Franklin,1,False,False,3,model_fold3_G,all_valid,,OOF_date_group_diagnostic,log1p_C,1.3862943611198906,3.0607230760941566,2.803711521530372
FREP-270469-G,R04_B1_all_valid_v1,B1_formal_pending_R04,R02_input_20260905,Eunice,1,False,False,0,model_fold0_G,all_valid,,OOF_date_group_diagnostic,log1p_C,0.0,3.834300814328711,14.701862734761816
FREP-270608-G,R04_B1_all_valid_v1,B1_formal_pending_R04,R02_input_20260905,Franklin,1,False,False,3,model_fold3_G,all_valid,,OOF_date_group_diagnostic,log1p_C,1.3862943611198906,2.863422222914085,2.1819067200886884
FREP-270743-G,R04_B1_all_valid_v1,B1_formal_pending_R04,R02_input_20260905,Eunice;Franklin,2,False,False,1,model_fold1_G,all_valid,,OOF_date_group_diagnostic,log1p_C,4.624972813284271,2.739807928315719,3.553846643518493
FREP-270750-G,R04_B1_all_valid_v1,B1_formal_pending_R04,R02_input_20260905,Franklin,1,False,False,3,model_fold3_G,all_valid,,OOF_date_group_diagnostic,log1p_C,0.6931471805599453,3.3846360108328475,7.244112123483795
FREP-270789-G,R04_B1_all_valid_v1,B1_formal_pending_R04,R02_input_20260905,Franklin,1,False,False,3,model_fold3_G,all_valid,,OOF_date_group_diagnostic,log1p_C,0.6931471805599453,3.4604842480117752,7.658154444892894
FREP-270868-G,R04_B1_all_valid_v1,B1_formal_pending_R04,R02_input_20260905,Franklin,1,False,False,3,model_fold3_G,all_valid,,OOF_date_group_diagnostic,log1p_C,0.6931471805599453,2.940886228982892,5.052330829805294
FREP-270888-G,R04_B1_all_valid_v1,B1_formal_pending_R04,R02_input_20260905,Eunice;Franklin,2,False,False,1,model_fold1_G,all_valid,,OOF_date_group_diagnostic,log1p_C,1.6094379124341003,2.73620810075368,1.2696110572857413
FREP-271216-Z,R04_B1_all_valid_v1,B1_formal_pending_R04,R02_input_20260905,Arwen,1,False,False,3,model_fold3_G,all_valid,,OOF_date_group_diagnostic,log1p_C,5.247024072160486,2.5746185395653076,7.14175133064532
FREP-271218-G,R04_B1_all_valid_v1,B1_formal_pending_R04,R02_input_20260905,Eunice,1,False,False,0,model_fold0_G,all_valid,,OOF_date_group_diagnostic,log1p_C,1.0986122886681098,5.0661197715006825,15.741115626332455
FREP-271451-Z,R04_B1_all_valid_v1,B1_formal_pending_R04,R02_input_20260905,Arwen,1,False,False,1,model_fold1_G,all_valid,,OOF_date_group_diagnostic,log1p_C,3.4965075614664802,2.95969654546761,0.2881660668977395
FREP-271462-Z,R04_B1_all_valid_v1,B1_formal_pending_R04,R02_input_20260905,Arwen,1,False,False,1,model_fold1_G,all_valid,,OOF_date_group_diagnostic,log1p_C,4.248495242049359,2.808464842383433,2.0736875519620073
FREP-271463-Z,R04_B1_all_valid_v1,B1_formal_pending_R04,R02_input_20260905,Arwen,1,False,False,1,model_fold1_G,all_valid,,OOF_date_group_diagnostic,log1p_C,4.23410650459726,3.1606804849616,1.1522434196308557
FREP-271472-G,R04_B1_all_valid_v1,B1_formal_pending_R04,R02_input_20260905,Eunice,1,False,False,0,model_fold0_G,all_valid,,OOF_date_group_diagnostic,log1p_C,0.6931471805599453,3.597331673394682,8.434287568421755
FREP-271500-Z,R04_B1_all_valid_v1,B1_formal_pending_R04,R02_input_20260905,Arwen,1,False,False,1,model_fold1_G,all_valid,,OOF_date_group_diagnostic,log1p_C,2.4849066497880004,3.1774098980116943,0.47956074880036703
FREP-271502-Z,R04_B1_all_valid_v1,B1_formal_pending_R04,R02_input_20260905,Arwen,1,False,False,1,model_fold1_G,all_valid,,OOF_date_group_diagnostic,log1p_C,3.8501476017100584,3.105168780188663,0.5549934445154072
FREP-271534-Z,R04_B1_all_valid_v1,B1_formal_pending_R04,R02_input_20260905,Arwen,1,False,False,2,model_fold2_G,all_valid,,OOF_date_group_diagnostic,log1p_C,1.9459101490553132,3.481162284786544,2.3569991202673055
FREP-271542-Z,R04_B1_all_valid_v1,B1_formal_pending_R04,R02_input_20260905,Arwen,1,False,False,2,model_fold2_G,all_valid,,OOF_date_group_diagnostic,log1p_C,3.6635616461296463,3.177680652436023,0.23608034003270276
FREP-271544-Z,R04_B1_all_valid_v1,B1_formal_pending_R04,R02_input_20260905,Arwen,1,False,False,2,model_fold2_G,all_valid,,OOF_date_group_diagnostic,log1p_C,0.6931471805599453,2.7763188270918326,4.339604108914374
FREP-271557-Z,R04_B1_all_valid_v1,B1_formal_pending_R04,R02_input_20260905,Arwen,1,False,False,2,model_fold2_G,all_valid,,OOF_date_group_diagnostic,log1p_C,0.6931471805599453,2.706447522163134,4.053378265499515
FREP-271586-Z,R04_B1_all_valid_v1,B1_formal_pending_R04,R02_input_20260905,Arwen,1,False,False,2,model_fold2_G,all_valid,,OOF_date_group_diagnostic,log1p_C,4.406719247264253,2.948180765989319,2.127334501359792
FREP-271589-Z,R04_B1_all_valid_v1,B1_formal_pending_R04,R02_input_20260905,Arwen,1,False,False,2,model_fold2_G,all_valid,,OOF_date_group_diagnostic,log1p_C,3.1354942159291497,2.9218154061294976,0.04565863375739587
FREP-271603-Z,R04_B1_all_valid_v1,B1_formal_pending_R04,R02_input_20260905,Arwen,1,False,False,2,model_fold2_G,all_valid,,OOF_date_group_diagnostic,log1p_C,5.313205979041787,3.0225908475928245,5.246917680422949
FREP-271604-Z,R04_B1_all_valid_v1,B1_formal_pending_R04,R02_input_20260905,Arwen,1,False,False,2,model_fold2_G,all_valid,,OOF_date_group_diagnostic,log1p_C,5.236441962829949,2.9878427504737894,5.0561984178087425
FREP-271609-Z,R04_B1_all_valid_v1,B1_formal_pending_R04,R02_input_20260905,Arwen,1,False,False,2,model_fold2_G,all_valid,,OOF_date_group_diagnostic,log1p_C,4.060443010546419,2.9568951482234382,1.2178178844376206
FREP-271611-Z,R04_B1_all_valid_v1,B1_formal_pending_R04,R02_input_20260905,Arwen,1,False,False,2,model_fold2_G,all_valid,,OOF_date_group_diagnostic,log1p_C,1.0986122886681098,3.016998746257599,3.6802066006627485
FREP-271614-Z,R04_B1_all_valid_v1,B1_formal_pending_R04,R02_input_20260905,Arwen,1,False,False,2,model_fold2_G,all_valid,,OOF_date_group_diagnostic,log1p_C,5.017279836814924,2.9997040728224924,4.070611963449645
FREP-271624-Z,R04_B1_all_valid_v1,B1_formal_pending_R04,R02_input_20260905,Arwen,1,False,False,2,model_fold2_G,all_valid,,OOF_date_group_diagnostic,log1p_C,6.230481447578482,2.995341778462577,10.466128678687369
FREP-271625-G,R04_B1_all_valid_v1,B1_formal_pending_R04,R02_input_20260905,Franklin,1,False,False,3,model_fold3_G,all_valid,,OOF_date_group_diagnostic,log1p_C,0.6931471805599453,3.063469121586263,5.618426104110769
FREP-271639-Z,R04_B1_all_valid_v1,B1_formal_pending_R04,R02_input_20260905,Arwen,1,False,False,2,model_fold2_G,all_valid,,OOF_date_group_diagnostic,log1p_C,1.0986122886681098,2.6900030864540554,2.5325246712777885
FREP-271646-Z,R04_B1_all_valid_v1,B1_formal_pending_R04,R02_input_20260905,Arwen,1,False,False,2,model_fold2_G,all_valid,,OOF_date_group_diagnostic,log1p_C,1.6094379124341003,3.0874742433045377,2.184591395372945
FREP-271663-Z,R04_B1_all_valid_v1,B1_formal_pending_R04,R02_input_20260905,Arwen,1,False,False,2,model_fold2_G,all_valid,,OOF_date_group_diagnostic,log1p_C,0.6931471805599453,2.996871650660547,5.3071464341402965
FREP-271664-Z,R04_B1_all_valid_v1,B1_formal_pending_R04,R02_input_20260905,Arwen,1,False,False,2,model_fold2_G,all_valid,,OOF_date_group_diagnostic,log1p_C,2.302585092994046,2.9329517563867613,0.39736213031686496
FREP-271665-Z,R04_B1_all_valid_v1,B1_formal_pending_R04,R02_input_20260905,Arwen,1,False,False,2,model_fold2_G,all_valid,,OOF_date_group_diagnostic,log1p_C,1.9459101490553132,3.0770860891333838,1.2795590074115066
FREP-271666-Z,R04_B1_all_valid_v1,B1_formal_pending_R04,R02_input_20260905,Arwen,1,False,False,2,model_fold2_G,all_valid,,OOF_date_group_diagnostic,log1p_C,2.5649493574615367,3.039819933679537,0.22550206415761545
FREP-271678-Z,R04_B1_all_valid_v1,B1_formal_pending_R04,R02_input_20260905,Arwen,1,False,False,2,model_fold2_G,all_valid,,OOF_date_group_diagnostic,log1p_C,0.6931471805599453,2.928823690122816,4.998249455411221
FREP-271681-G,R04_B1_all_valid_v1,B1_formal_pending_R04,R02_input_20260905,Eunice;Franklin,2,False,False,1,model_fold1_G,all_valid,,OOF_date_group_diagnostic,log1p_C,4.7535901911063645,2.838219436144664,3.6686451289625546
FREP-271704-G,R04_B1_all_valid_v1,B1_formal_pending_R04,R02_input_20260905,Eunice,1,False,False,0,model_fold0_G,all_valid,,OOF_date_group_diagnostic,log1p_C,2.8903717578961645,4.03758894405371,1.316107272215237
FREP-271713-Z,R04_B1_all_valid_v1,B1_formal_pending_R04,R02_input_20260905,Arwen,1,False,False,2,model_fold2_G,all_valid,,OOF_date_group_diagnostic,log1p_C,6.42648845745769,2.758948485709923,13.450849444367613
FREP-271720-Z,R04_B1_all_valid_v1,B1_formal_pending_R04,R02_input_20260905,Arwen,1,False,False,2,model_fold2_G,all_valid,,OOF_date_group_diagnostic,log1p_C,1.9459101490553132,2.7965545840688026,0.7235959548194186
FREP-271745-Z,R04_B1_all_valid_v1,B1_formal_pending_R04,R02_input_20260905,Arwen,1,False,False,2,model_fold2_G,all_valid,,OOF_date_group_diagnostic,log1p_C,5.973809611869261,2.8267371989778534,9.904064771982148
FREP-271806-Z,R04_B1_all_valid_v1,B1_formal_pending_R04,R02_input_20260905,Arwen,1,False,False,4,model_fold4_G,all_valid,,OOF_date_group_diagnostic,log1p_C,0.6931471805599453,2.795981096881794,4.421910479633484
FREP-271823-Z,R04_B1_all_valid_v1,B1_formal_pending_R04,R02_input_20260905,Arwen,1,False,False,4,model_fold4_G,all_valid,,OOF_date_group_diagnostic,log1p_C,0.6931471805599453,2.787863560057945,4.387836710537208
FREP-271835-Z,R04_B1_all_valid_v1,B1_formal_pending_R04,R02_input_20260905,Arwen,1,False,False,4,model_fold4_G,all_valid,,OOF_date_group_diagnostic,log1p_C,4.804021044733257,2.9388067720060094,3.4790242831854346
FREP-271848-Z,R04_B1_all_valid_v1,B1_formal_pending_R04,R02_input_20260905,Arwen,1,False,False,4,model_fold4_G,all_valid,,OOF_date_group_diagnostic,log1p_C,0.6931471805599453,2.6814341009875013,3.953284877943294
FREP-272228-G,R04_B1_all_valid_v1,B1_formal_pending_R04,R02_input_20260905,Eunice;Franklin,2,False,False,1,model_fold1_G,all_valid,,OOF_date_group_diagnostic,log1p_C,0.0,2.8414866565363024,8.074046419273854
FREP-272720-G,R04_B1_all_valid_v1,B1_formal_pending_R04,R02_input_20260905,Eunice,1,False,False,0,model_fold0_G,all_valid,,OOF_date_group_diagnostic,log1p_C,0.0,3.568347038780746,12.733100589175319
FREP-272728-G,R04_B1_all_valid_v1,B1_formal_pending_R04,R02_input_20260905,Eunice,1,False,False,0,model_fold0_G,all_valid,,OOF_date_group_diagnostic,log1p_C,2.4849066497880004,3.834300814328711,1.8208646112965223
FREP-272758-G,R04_B1_all_valid_v1,B1_formal_pending_R04,R02_input_20260905,Eunice;Franklin,2,False,False,1,model_fold1_G,all_valid,,OOF_date_group_diagnostic,log1p_C,6.940222469119639,2.7880361894520913,17.24065090105943
FREP-272759-G,R04_B1_all_valid_v1,B1_formal_pending_R04,R02_input_20260905,Eunice;Franklin,2,False,False,1,model_fold1_G,all_valid,,OOF_date_group_diagnostic,log1p_C,4.31748811353631,2.7880361894520913,2.3392231880849192
FREP-272760-G,R04_B1_all_valid_v1,B1_formal_pending_R04,R02_input_20260905,Eunice,1,False,False,0,model_fold0_G,all_valid,,OOF_date_group_diagnostic,log1p_C,0.0,3.2646037590480805,10.657637703590858
FREP-272761-G,R04_B1_all_valid_v1,B1_formal_pending_R04,R02_input_20260905,Eunice,1,False,False,0,model_fold0_G,all_valid,,OOF_date_group_diagnostic,log1p_C,1.791759469228055,4.770587872143559,8.873418654016133
FREP-272764-G,R04_B1_all_valid_v1,B1_formal_pending_R04,R02_input_20260905,Eunice;Franklin,2,False,False,1,model_fold1_G,all_valid,,OOF_date_group_diagnostic,log1p_C,0.0,2.8593450242912155,8.175853967938933
FREP-272814-G,R04_B1_all_valid_v1,B1_formal_pending_R04,R02_input_20260905,Eunice,1,False,False,0,model_fold0_G,all_valid,,OOF_date_group_diagnostic,log1p_C,2.0794415416798357,3.6211308742326764,2.3768059981072236
FREP-272987-G,R04_B1_all_valid_v1,B1_formal_pending_R04,R02_input_20260905,Eunice,1,False,False,0,model_fold0_G,all_valid,,OOF_date_group_diagnostic,log1p_C,0.0,3.874111052474479,15.008736446904916
FREP-273442-G,R04_B1_all_valid_v1,B1_formal_pending_R04,R02_input_20260905,Eunice,1,False,False,0,model_fold0_G,all_valid,,OOF_date_group_diagnostic,log1p_C,5.420534999272286,5.165880829132887,0.06484874636938595
FREP-273467-G,R04_B1_all_valid_v1,B1_formal_pending_R04,R02_input_20260905,Franklin,1,False,False,3,model_fold3_G,all_valid,,OOF_date_group_diagnostic,log1p_C,4.61512051684126,3.10466821374146,2.2814661599394896
FREP-273605-G,R04_B1_all_valid_v1,B1_formal_pending_R04,R02_input_20260905,Franklin,1,False,False,4,model_fold4_G,all_valid,,OOF_date_group_diagnostic,log1p_C,3.4965075614664802,2.8946812342487025,0.3621949281324397
FREP-275451-G,R04_B1_all_valid_v1,B1_formal_pending_R04,R02_input_20260905,Eunice,1,False,False,0,model_fold0_G,all_valid,,OOF_date_group_diagnostic,log1p_C,0.0,3.6899653547393028,13.615844319176349
FREP-275571-G,R04_B1_all_valid_v1,B1_formal_pending_R04,R02_input_20260905,Eunice;Franklin,2,False,False,1,model_fold1_G,all_valid,,OOF_date_group_diagnostic,log1p_C,6.673297967767654,2.5163052830164814,17.280588181074766
FREP-275573-G,R04_B1_all_valid_v1,B1_formal_pending_R04,R02_input_20260905,Eunice;Franklin,2,False,False,1,model_fold1_G,all_valid,,OOF_date_group_diagnostic,log1p_C,0.0,2.5163052830164814,6.331792277336654
FREP-275578-G,R04_B1_all_valid_v1,B1_formal_pending_R04,R02_input_20260905,Franklin,1,False,False,3,model_fold3_G,all_valid,,OOF_date_group_diagnostic,log1p_C,6.694562058521095,2.728145765946349,15.732458206002393
FREP-275580-G,R04_B1_all_valid_v1,B1_formal_pending_R04,R02_input_20260905,Franklin,1,False,False,3,model_fold3_G,all_valid,,OOF_date_group_diagnostic,log1p_C,0.0,2.838041872131371,8.054481667970938
FREP-275587-G,R04_B1_all_valid_v1,B1_formal_pending_R04,R02_input_20260905,Franklin,1,False,False,3,model_fold3_G,all_valid,,OOF_date_group_diagnostic,log1p_C,4.454347296253507,3.6435546172663167,0.6573847682992255
FREP-276112-G,R04_B1_all_valid_v1,B1_formal_pending_R04,R02_input_20260905,Eunice,1,False,False,0,model_fold0_G,all_valid,,OOF_date_group_diagnostic,log1p_C,7.10002716662926,3.2351853220137157,14.93700248389128
FREP-276241-G,R04_B1_all_valid_v1,B1_formal_pending_R04,R02_input_20260905,Franklin,1,False,False,3,model_fold3_G,all_valid,,OOF_date_group_diagnostic,log1p_C,7.38770923908104,3.519131236898293,14.965895758972255
FREP-276245-G,R04_B1_all_valid_v1,B1_formal_pending_R04,R02_input_20260905,Eunice,1,False,False,0,model_fold0_G,all_valid,,OOF_date_group_diagnostic,log1p_C,7.914252278742441,3.4718923577404794,19.734561667724552
FREP-284642-Z,R04_B1_all_valid_v1,B1_formal_pending_R04,R02_input_20260905,Dudley,1,False,False,3,model_fold3_G,all_valid,,OOF_date_group_diagnostic,log1p_C,2.3978952727983707,2.6283829104912617,0.05312455112924941
FREP-284701-Z,R04_B1_all_valid_v1,B1_formal_pending_R04,R02_input_20260905,Dudley,1,False,False,3,model_fold3_G,all_valid,,OOF_date_group_diagnostic,log1p_C,2.995732273553991,3.118477388884641,0.015066363337534576
FREP-284880-Z,R04_B1_all_valid_v1,B1_formal_pending_R04,R02_input_20260905,Dudley,1,False,False,3,model_fold3_G,all_valid,,OOF_date_group_diagnostic,log1p_C,0.6931471805599453,2.7990776388039635,4.43494309495986
FREP-284953-Z,R04_B1_all_valid_v1,B1_formal_pending_R04,R02_input_20260905,Dudley,1,False,False,3,model_fold3_G,all_valid,,OOF_date_group_diagnostic,log1p_C,5.802118375377063,2.9105282216981165,8.361293616853033
FREP-285010-Z,R04_B1_all_valid_v1,B1_formal_pending_R04,R02_input_20260905,Dudley,1,False,False,3,model_fold3_G,all_valid,,OOF_date_group_diagnostic,log1p_C,0.6931471805599453,2.79898076010308,4.434535064731451
FREP-285168-Z,R04_B1_all_valid_v1,B1_formal_pending_R04,R02_input_20260905,Dudley,1,False,False,3,model_fold3_G,all_valid,,OOF_date_group_diagnostic,log1p_C,0.6931471805599453,3.3596869887959993,7.110434548907571
FREP-285247-Z,R04_B1_all_valid_v1,B1_formal_pending_R04,R02_input_20260905,Dudley,1,False,False,3,model_fold3_G,all_valid,,OOF_date_group_diagnostic,log1p_C,0.6931471805599453,3.6353021879113157,8.656276087282741
FREP-285251-Z,R04_B1_all_valid_v1,B1_formal_pending_R04,R02_input_20260905,Dudley,1,False,False,3,model_fold3_G,all_valid,,OOF_date_group_diagnostic,log1p_C,3.295836866004329,3.321126299729983,0.0006395554581642436
FREP-285259-Z,R04_B1_all_valid_v1,B1_formal_pending_R04,R02_input_20260905,Dudley,1,False,False,3,model_fold3_G,all_valid,,OOF_date_group_diagnostic,log1p_C,1.3862943611198906,3.3924679348936397,4.024732408108136
FREP-285262-Z,R04_B1_all_valid_v1,B1_formal_pending_R04,R02_input_20260905,Dudley,1,False,False,3,model_fold3_G,all_valid,,OOF_date_group_diagnostic,log1p_C,0.0,3.461211319642802,11.979983799223467
FREP-285282-Z,R04_B1_all_valid_v1,B1_formal_pending_R04,R02_input_20260905,Dudley,1,False,False,3,model_fold3_G,all_valid,,OOF_date_group_diagnostic,log1p_C,6.747586526829315,3.249404433345623,12.237277959169948
FREP-285297-Z,R04_B1_all_valid_v1,B1_formal_pending_R04,R02_input_20260905,Dudley,1,False,False,3,model_fold3_G,all_valid,,OOF_date_group_diagnostic,log1p_C,6.883462586413092,3.765785532415555,9.719910213022763
FREP-285299-J,R04_B1_all_valid_v1,B1_formal_pending_R04,R02_input_20260905,Eunice;Franklin,2,False,False,1,model_fold1_G,all_valid,,OOF_date_group_diagnostic,log1p_C,0.0,2.4734604678051966,6.118006685795102
FREP-285318-Z,R04_B1_all_valid_v1,B1_formal_pending_R04,R02_input_20260905,Dudley,1,False,False,3,model_fold3_G,all_valid,,OOF_date_group_diagnostic,log1p_C,1.6094379124341003,3.361612321690998,3.0701151604547583
FREP-285324-Z,R04_B1_all_valid_v1,B1_formal_pending_R04,R02_input_20260905,Dudley,1,False,False,3,model_fold3_G,all_valid,,OOF_date_group_diagnostic,log1p_C,5.963579343618446,3.711345788830877,5.072555985311048
FREP-285328-Z,R04_B1_all_valid_v1,B1_formal_pending_R04,R02_input_20260905,Dudley,1,False,False,3,model_fold3_G,all_valid,,OOF_date_group_diagnostic,log1p_C,0.0,3.5001224404959803,12.250857098463538
FREP-285329-Z,R04_B1_all_valid_v1,B1_formal_pending_R04,R02_input_20260905,Dudley,1,False,False,3,model_fold3_G,all_valid,,OOF_date_group_diagnostic,log1p_C,0.6931471805599453,3.468596976134255,7.703121567753477
FREP-285337-Z,R04_B1_all_valid_v1,B1_formal_pending_R04,R02_input_20260905,Dudley,1,False,False,3,model_fold3_G,all_valid,,OOF_date_group_diagnostic,log1p_C,5.796057750765372,3.705074540839649,4.372210784191281
FREP-285338-Z,R04_B1_all_valid_v1,B1_formal_pending_R04,R02_input_20260905,Dudley,1,False,False,3,model_fold3_G,all_valid,,OOF_date_group_diagnostic,log1p_C,6.269096283706261,3.647941612285558,6.870451811510574
FREP-285343-Z,R04_B1_all_valid_v1,B1_formal_pending_R04,R02_input_20260905,Dudley,1,False,False,3,model_fold3_G,all_valid,,OOF_date_group_diagnostic,log1p_C,6.842683282238422,3.797046879381064,9.275901098409909
FREP-285345-Z,R04_B1_all_valid_v1,B1_formal_pending_R04,R02_input_20260905,Dudley;Eunice,2,False,False,3,model_fold3_G,all_valid,,OOF_date_group_diagnostic,log1p_C,2.1972245773362196,2.9477319802720783,0.5632613618615274
FREP-285349-Z,R04_B1_all_valid_v1,B1_formal_pending_R04,R02_input_20260905,Dudley,1,False,False,3,model_fold3_G,all_valid,,OOF_date_group_diagnostic,log1p_C,4.477336814478207,3.7272652704337235,0.5626073211852753
FREP-285352-Z,R04_B1_all_valid_v1,B1_formal_pending_R04,R02_input_20260905,Dudley,1,False,False,3,model_fold3_G,all_valid,,OOF_date_group_diagnostic,log1p_C,4.0943445622221,3.6287484423609784,0.2167797468297323
FREP-285353-Z,R04_B1_all_valid_v1,B1_formal_pending_R04,R02_input_20260905,Dudley,1,False,False,3,model_fold3_G,all_valid,,OOF_date_group_diagnostic,log1p_C,6.113682179832232,3.5937969843366395,6.349821398477858
FREP-285356-Z,R04_B1_all_valid_v1,B1_formal_pending_R04,R02_input_20260905,Dudley,1,False,False,3,model_fold3_G,all_valid,,OOF_date_group_diagnostic,log1p_C,4.890349128221754,3.7546852784641396,1.2897323796462847
FREP-285360-Z,R04_B1_all_valid_v1,B1_formal_pending_R04,R02_input_20260905,Dudley,1,False,False,3,model_fold3_G,all_valid,,OOF_date_group_diagnostic,log1p_C,5.517452896464707,3.941567475048796,2.483414861431205
FREP-285361-Z,R04_B1_all_valid_v1,B1_formal_pending_R04,R02_input_20260905,Dudley,1,False,False,3,model_fold3_G,all_valid,,OOF_date_group_diagnostic,log1p_C,4.219507705176107,3.670323782234053,0.301602981218024
FREP-285368-Z,R04_B1_all_valid_v1,B1_formal_pending_R04,R02_input_20260905,Dudley,1,False,False,3,model_fold3_G,all_valid,,OOF_date_group_diagnostic,log1p_C,1.791759469228055,3.827113403189543,4.142665636492505
FREP-285372-Z,R04_B1_all_valid_v1,B1_formal_pending_R04,R02_input_20260905,Dudley,1,False,False,3,model_fold3_G,all_valid,,OOF_date_group_diagnostic,log1p_C,5.627621113690637,4.006868585451565,2.6268387577933425
FREP-285374-Z,R04_B1_all_valid_v1,B1_formal_pending_R04,R02_input_20260905,Dudley,1,False,False,3,model_fold3_G,all_valid,,OOF_date_group_diagnostic,log1p_C,2.995732273553991,3.6245488793420844,0.39541032371485857
FREP-285375-Z,R04_B1_all_valid_v1,B1_formal_pending_R04,R02_input_20260905,Dudley,1,False,False,3,model_fold3_G,all_valid,,OOF_date_group_diagnostic,log1p_C,0.0,3.7587628363290677,14.128298059768538
FREP-285386-Z,R04_B1_all_valid_v1,B1_formal_pending_R04,R02_input_20260905,Dudley,1,False,False,3,model_fold3_G,all_valid,,OOF_date_group_diagnostic,log1p_C,7.920083199053234,3.8402309007079958,16.64519477631293
FREP-285388-Z,R04_B1_all_valid_v1,B1_formal_pending_R04,R02_input_20260905,Dudley,1,False,False,3,model_fold3_G,all_valid,,OOF_date_group_diagnostic,log1p_C,3.58351893845611,3.7576855227577726,0.030333999087308165
FREP-285394-Z,R04_B1_all_valid_v1,B1_formal_pending_R04,R02_input_20260905,Dudley,1,False,False,3,model_fold3_G,all_valid,,OOF_date_group_diagnostic,log1p_C,4.51085950651685,3.7665343490389485,0.5540199400545025
FREP-285395-Z,R04_B1_all_valid_v1,B1_formal_pending_R04,R02_input_20260905,Dudley,1,False,False,3,model_fold3_G,all_valid,,OOF_date_group_diagnostic,log1p_C,4.248495242049359,3.8057887880081815,0.19598900444971348
FREP-285404-Z,R04_B1_all_valid_v1,B1_formal_pending_R04,R02_input_20260905,Dudley,1,False,False,3,model_fold3_G,all_valid,,OOF_date_group_diagnostic,log1p_C,6.54534966033442,4.071836932355046,6.118265215475965
FREP-285406-Z,R04_B1_all_valid_v1,B1_formal_pending_R04,R02_input_20260905,Dudley,1,False,False,3,model_fold3_G,all_valid,,OOF_date_group_diagnostic,log1p_C,2.5649493574615367,3.563596937463381,0.9972969890435402
FREP-285412-Z,R04_B1_all_valid_v1,B1_formal_pending_R04,R02_input_20260905,Dudley,1,False,False,3,model_fold3_G,all_valid,,OOF_date_group_diagnostic,log1p_C,4.343805421853684,3.367260532036373,0.9536399218283041
FREP-285413-Z,R04_B1_all_valid_v1,B1_formal_pending_R04,R02_input_20260905,Dudley,1,False,False,3,model_fold3_G,all_valid,,OOF_date_group_diagnostic,log1p_C,7.034387929915503,3.1917135011793785,14.766146765262505
FREP-285414-Z,R04_B1_all_valid_v1,B1_formal_pending_R04,R02_input_20260905,Dudley,1,False,False,3,model_fold3_G,all_valid,,OOF_date_group_diagnostic,log1p_C,1.6094379124341003,3.6204939870115065,4.044346535094687
FREP-285417-Z,R04_B1_all_valid_v1,B1_formal_pending_R04,R02_input_20260905,Dudley,1,False,False,3,model_fold3_G,all_valid,,OOF_date_group_diagnostic,log1p_C,5.733341276897746,3.6658832549195846,4.274382672641852
FREP-285419-Z,R04_B1_all_valid_v1,B1_formal_pending_R04,R02_input_20260905,Dudley,1,False,False,3,model_fold3_G,all_valid,,OOF_date_group_diagnostic,log1p_C,4.02535169073515,3.749840534543798,0.07590639718589538
FREP-285429-Z,R04_B1_all_valid_v1,B1_formal_pending_R04,R02_input_20260905,Dudley,1,False,False,3,model_fold3_G,all_valid,,OOF_date_group_diagnostic,log1p_C,6.173786103901937,3.8166379065042304,5.556147624495256
FREP-285434-Z,R04_B1_all_valid_v1,B1_formal_pending_R04,R02_input_20260905,Dudley,1,False,False,3,model_fold3_G,all_valid,,OOF_date_group_diagnostic,log1p_C,5.58724865840025,3.8292390290854272,3.0905978567636394
FREP-285440-Z,R04_B1_all_valid_v1,B1_formal_pending_R04,R02_input_20260905,Dudley,1,False,False,3,model_fold3_G,all_valid,,OOF_date_group_diagnostic,log1p_C,1.3862943611198906,3.472972790789292,4.354226868847559
FREP-285446-Z,R04_B1_all_valid_v1,B1_formal_pending_R04,R02_input_20260905,Dudley,1,False,False,3,model_fold3_G,all_valid,,OOF_date_group_diagnostic,log1p_C,0.6931471805599453,3.4082317167591425,7.371684038708009
FREP-285447-Z,R04_B1_all_valid_v1,B1_formal_pending_R04,R02_input_20260905,Dudley,1,False,False,3,model_fold3_G,all_valid,,OOF_date_group_diagnostic,log1p_C,3.6635616461296463,3.544828554612471,0.014097547021225941
FREP-285454-Z,R04_B1_all_valid_v1,B1_formal_pending_R04,R02_input_20260905,Dudley,1,False,False,3,model_fold3_G,all_valid,,OOF_date_group_diagnostic,log1p_C,6.2766434893416445,3.826363797824117,6.003870566663229
FREP-285456-Z,R04_B1_all_valid_v1,B1_formal_pending_R04,R02_input_20260905,Dudley,1,False,False,3,model_fold3_G,all_valid,,OOF_date_group_diagnostic,log1p_C,1.0986122886681098,3.9387456624779857,8.06635758102867
FREP-285465-Z,R04_B1_all_valid_v1,B1_formal_pending_R04,R02_input_20260905,Dudley,1,False,False,3,model_fold3_G,all_valid,,OOF_date_group_diagnostic,log1p_C,3.4965075614664802,3.5315052768665924,0.001224840083227251
FREP-285476-Z,R04_B1_all_valid_v1,B1_formal_pending_R04,R02_input_20260905,Dudley;Eunice,2,False,False,3,model_fold3_G,all_valid,,OOF_date_group_diagnostic,log1p_C,0.6931471805599453,3.171062225406262,6.140062969475724
FREP-285477-Z,R04_B1_all_valid_v1,B1_formal_pending_R04,R02_input_20260905,Dudley,1,False,False,3,model_fold3_G,all_valid,,OOF_date_group_diagnostic,log1p_C,4.762173934797756,3.5132292518384274,1.5598628210923786
FREP-285479-Z,R04_B1_all_valid_v1,B1_formal_pending_R04,R02_input_20260905,Dudley,1,False,False,3,model_fold3_G,all_valid,,OOF_date_group_diagnostic,log1p_C,6.505784060128229,3.6898075428134995,7.929723746067992
FREP-285491-Z,R04_B1_all_valid_v1,B1_formal_pending_R04,R02_input_20260905,Dudley,1,False,False,3,model_fold3_G,all_valid,,OOF_date_group_diagnostic,log1p_C,6.20455776256869,3.2916610912472493,8.484967017795531
FREP-285496-Z,R04_B1_all_valid_v1,B1_formal_pending_R04,R02_input_20260905,Dudley,1,False,False,3,model_fold3_G,all_valid,,OOF_date_group_diagnostic,log1p_C,0.6931471805599453,3.5730568415066726,8.293879655214294
FREP-285498-Z,R04_B1_all_valid_v1,B1_formal_pending_R04,R02_input_20260905,Dudley,1,False,False,3,model_fold3_G,all_valid,,OOF_date_group_diagnostic,log1p_C,6.349138991379798,3.7403262527612458,6.805903905178429
FREP-285500-Z,R04_B1_all_valid_v1,B1_formal_pending_R04,R02_input_20260905,Dudley,1,False,False,3,model_fold3_G,all_valid,,OOF_date_group_diagnostic,log1p_C,6.052089168924417,3.3341047795474954,7.387439140896638
FREP-285502-Z,R04_B1_all_valid_v1,B1_formal_pending_R04,R02_input_20260905,Dudley;Eunice,2,False,False,3,model_fold3_G,all_valid,,OOF_date_group_diagnostic,log1p_C,4.127134385045092,3.2425626638584366,0.7824671299231214
FREP-285503-Z,R04_B1_all_valid_v1,B1_formal_pending_R04,R02_input_20260905,Dudley,1,False,False,3,model_fold3_G,all_valid,,OOF_date_group_diagnostic,log1p_C,0.6931471805599453,3.445561738656727,7.575785899623101
FREP-285504-Z,R04_B1_all_valid_v1,B1_formal_pending_R04,R02_input_20260905,Dudley,1,False,False,3,model_fold3_G,all_valid,,OOF_date_group_diagnostic,log1p_C,5.823045895483019,3.204104714774781,6.858852908009458
FREP-285510-Z,R04_B1_all_valid_v1,B1_formal_pending_R04,R02_input_20260905,Dudley,1,False,False,3,model_fold3_G,all_valid,,OOF_date_group_diagnostic,log1p_C,5.10594547390058,3.6397613098565844,2.149696002893391
FREP-285511-Z,R04_B1_all_valid_v1,B1_formal_pending_R04,R02_input_20260905,Dudley,1,False,False,3,model_fold3_G,all_valid,,OOF_date_group_diagnostic,log1p_C,6.697034247666484,3.616887258911875,9.487305472334087
FREP-285513-Z,R04_B1_all_valid_v1,B1_formal_pending_R04,R02_input_20260905,Dudley,1,False,False,3,model_fold3_G,all_valid,,OOF_date_group_diagnostic,log1p_C,2.1972245773362196,3.60949607574429,1.9945107852157764
FREP-285518-Z,R04_B1_all_valid_v1,B1_formal_pending_R04,R02_input_20260905,Dudley,1,False,False,3,model_fold3_G,all_valid,,OOF_date_group_diagnostic,log1p_C,6.734591659972948,3.5641618058254023,10.05162546007003
FREP-285523-Z,R04_B1_all_valid_v1,B1_formal_pending_R04,R02_input_20260905,Dudley;Eunice,2,False,False,3,model_fold3_G,all_valid,,OOF_date_group_diagnostic,log1p_C,6.240275845170769,3.38624582899936,8.145487333207376
FREP-285532-Z,R04_B1_all_valid_v1,B1_formal_pending_R04,R02_input_20260905,Dudley;Eunice,2,False,False,3,model_fold3_G,all_valid,,OOF_date_group_diagnostic,log1p_C,6.333279628139691,3.301329801782187,9.192719749549298
FREP-285538-Z,R04_B1_all_valid_v1,B1_formal_pending_R04,R02_input_20260905,Dudley,1,False,False,3,model_fold3_G,all_valid,,OOF_date_group_diagnostic,log1p_C,0.0,3.204104714774781,10.266287023241983
FREP-285541-Z,R04_B1_all_valid_v1,B1_formal_pending_R04,R02_input_20260905,Dudley;Eunice,2,False,False,3,model_fold3_G,all_valid,,OOF_date_group_diagnostic,log1p_C,0.6931471805599453,3.2282623090347804,6.426808714621979
FREP-285554-Z,R04_B1_all_valid_v1,B1_formal_pending_R04,R02_input_20260905,Dudley;Eunice,2,False,False,3,model_fold3_G,all_valid,,OOF_date_group_diagnostic,log1p_C,2.302585092994046,2.9664506415747334,0.4407174665923371
FREP-285566-Z,R04_B1_all_valid_v1,B1_formal_pending_R04,R02_input_20260905,Dudley;Eunice,2,False,False,3,model_fold3_G,all_valid,,OOF_date_group_diagnostic,log1p_C,0.6931471805599453,2.892358892005664,4.836532151760007
FREP-285570-Z,R04_B1_all_valid_v1,B1_formal_pending_R04,R02_input_20260905,Dudley;Eunice,2,False,False,3,model_fold3_G,all_valid,,OOF_date_group_diagnostic,log1p_C,0.0,2.7894366347146726,7.780956739088318
FREP-285585-Z,R04_B1_all_valid_v1,B1_formal_pending_R04,R02_input_20260905,Dudley;Eunice,2,False,False,3,model_fold3_G,all_valid,,OOF_date_group_diagnostic,log1p_C,2.70805020110221,2.796127693802301,0.007757644720334606
FREP-285590-Z,R04_B1_all_valid_v1,B1_formal_pending_R04,R02_input_20260905,Dudley;Eunice,2,False,False,3,model_fold3_G,all_valid,,OOF_date_group_diagnostic,log1p_C,1.6094379124341003,3.053408948446782,2.0850523528435376
FREP-285594-Z,R04_B1_all_valid_v1,B1_formal_pending_R04,R02_input_20260905,Dudley;Eunice,2,False,False,3,model_fold3_G,all_valid,,OOF_date_group_diagnostic,log1p_C,6.16541785423142,3.053408948446782,9.684599429682901
FREP-285608-Z,R04_B1_all_valid_v1,B1_formal_pending_R04,R02_input_20260905,Dudley;Eunice,2,False,False,3,model_fold3_G,all_valid,,OOF_date_group_diagnostic,log1p_C,0.6931471805599453,2.8751984952374876,4.76134793988599
FREP-285619-Z,R04_B1_all_valid_v1,B1_formal_pending_R04,R02_input_20260905,Dudley;Eunice,2,False,False,3,model_fold3_G,all_valid,,OOF_date_group_diagnostic,log1p_C,2.1972245773362196,3.0521908965439697,0.7309674069796485
FREP-285650-Z,R04_B1_all_valid_v1,B1_formal_pending_R04,R02_input_20260905,Dudley;Eunice,2,False,False,3,model_fold3_G,all_valid,,OOF_date_group_diagnostic,log1p_C,2.1972245773362196,2.777663910538091,0.3369098195278333
FREP-285664-Z,R04_B1_all_valid_v1,B1_formal_pending_R04,R02_input_20260905,Dudley;Eunice,2,False,False,3,model_fold3_G,all_valid,,OOF_date_group_diagnostic,log1p_C,1.6094379124341003,2.9512180716568808,1.8003739956839102
FREP-285745-Z,R04_B1_all_valid_v1,B1_formal_pending_R04,R02_input_20260905,Dudley;Eunice,2,False,False,3,model_fold3_G,all_valid,,OOF_date_group_diagnostic,log1p_C,0.6931471805599453,2.946957079954912,5.079659062610749
FREP-285751-Z,R04_B1_all_valid_v1,B1_formal_pending_R04,R02_input_20260905,Dudley;Eunice,2,False,False,3,model_fold3_G,all_valid,,OOF_date_group_diagnostic,log1p_C,3.4965075614664802,2.956740222248887,0.2913487804860401
FREP-285761-Z,R04_B1_all_valid_v1,B1_formal_pending_R04,R02_input_20260905,Dudley;Eunice,2,False,False,3,model_fold3_G,all_valid,,OOF_date_group_diagnostic,log1p_C,5.337538079701318,2.8959125978415856,5.96153499366677
FREP-285786-Z,R04_B1_all_valid_v1,B1_formal_pending_R04,R02_input_20260905,Dudley,1,False,False,3,model_fold3_G,all_valid,,OOF_date_group_diagnostic,log1p_C,0.0,3.249404433345623,10.55862917144619
FREP-285798-Z,R04_B1_all_valid_v1,B1_formal_pending_R04,R02_input_20260905,Dudley;Eunice,2,False,False,3,model_fold3_G,all_valid,,OOF_date_group_diagnostic,log1p_C,0.6931471805599453,2.8783836543678607,4.775258446460452
FREP-285806-Z,R04_B1_all_valid_v1,B1_formal_pending_R04,R02_input_20260905,Dudley,1,False,False,3,model_fold3_G,all_valid,,OOF_date_group_diagnostic,log1p_C,0.0,3.249404433345623,10.55862917144619
FREP-285809-Z,R04_B1_all_valid_v1,B1_formal_pending_R04,R02_input_20260905,Dudley;Eunice,2,False,False,3,model_fold3_G,all_valid,,OOF_date_group_diagnostic,log1p_C,0.6931471805599453,3.063492594741977,5.618537382533788
FREP-285826-Z,R04_B1_all_valid_v1,B1_formal_pending_R04,R02_input_20260905,Dudley;Eunice,2,False,False,3,model_fold3_G,all_valid,,OOF_date_group_diagnostic,log1p_C,2.5649493574615367,2.7259820210708456,0.025931518749108838
FREP-285851-Z,R04_B1_all_valid_v1,B1_formal_pending_R04,R02_input_20260905,Dudley;Eunice,2,False,False,3,model_fold3_G,all_valid,,OOF_date_group_diagnostic,log1p_C,0.6931471805599453,2.8040511352350284,4.4559155058629045
FREP-285874-Z,R04_B1_all_valid_v1,B1_formal_pending_R04,R02_input_20260905,Eunice,1,False,False,0,model_fold0_G,all_valid,,OOF_date_group_diagnostic,log1p_C,5.726847747587197,2.9195537027812675,7.880899854002835
FREP-285875-Z,R04_B1_all_valid_v1,B1_formal_pending_R04,R02_input_20260905,Eunice,1,False,False,0,model_fold0_G,all_valid,,OOF_date_group_diagnostic,log1p_C,6.161207321695077,2.6486174738665786,12.338287439067832
FREP-285877-Z,R04_B1_all_valid_v1,B1_formal_pending_R04,R02_input_20260905,Eunice,1,False,False,0,model_fold0_G,all_valid,,OOF_date_group_diagnostic,log1p_C,4.897839799950911,2.758288706240288,4.577678882598324
FREP-285894-Z,R04_B1_all_valid_v1,B1_formal_pending_R04,R02_input_20260905,Eunice,1,False,False,0,model_fold0_G,all_valid,,OOF_date_group_diagnostic,log1p_C,5.918893854273146,2.711845077606216,10.285161855920853
FREP-285902-Z,R04_B1_all_valid_v1,B1_formal_pending_R04,R02_input_20260905,Eunice,1,False,False,0,model_fold0_G,all_valid,,OOF_date_group_diagnostic,log1p_C,5.556828061699537,3.12601641409295,5.908845266139852
FREP-285920-Z,R04_B1_all_valid_v1,B1_formal_pending_R04,R02_input_20260905,Eunice,1,False,False,0,model_fold0_G,all_valid,,OOF_date_group_diagnostic,log1p_C,0.6931471805599453,3.027563863946961,5.449501251675633
FREP-285933-Z,R04_B1_all_valid_v1,B1_formal_pending_R04,R02_input_20260905,Eunice,1,False,False,0,model_fold0_G,all_valid,,OOF_date_group_diagnostic,log1p_C,2.70805020110221,3.3321226853288635,0.3894664655688266
FREP-285979-Z,R04_B1_all_valid_v1,B1_formal_pending_R04,R02_input_20260905,Eunice,1,False,False,0,model_fold0_G,all_valid,,OOF_date_group_diagnostic,log1p_C,5.786897381366708,3.198506270395235,6.699768543356134
FREP-285990-Z,R04_B1_all_valid_v1,B1_formal_pending_R04,R02_input_20260905,Eunice,1,False,False,0,model_fold0_G,all_valid,,OOF_date_group_diagnostic,log1p_C,4.997212273764115,3.51690285346543,2.1913159798250286
FREP-285991-Z,R04_B1_all_valid_v1,B1_formal_pending_R04,R02_input_20260905,Eunice,1,False,False,0,model_fold0_G,all_valid,,OOF_date_group_diagnostic,log1p_C,6.875232087276577,3.1982055960908458,13.520523816881648
FREP-285992-Z,R04_B1_all_valid_v1,B1_formal_pending_R04,R02_input_20260905,Eunice,1,False,False,0,model_fold0_G,all_valid,,OOF_date_group_diagnostic,log1p_C,5.823045895483019,3.2117884571286988,6.818665409360766
FREP-286005-Z,R04_B1_all_valid_v1,B1_formal_pending_R04,R02_input_20260905,Eunice,1,False,False,0,model_fold0_G,all_valid,,OOF_date_group_diagnostic,log1p_C,6.415096959171596,3.3752188278882747,9.240859053054576
FREP-286007-Z,R04_B1_all_valid_v1,B1_formal_pending_R04,R02_input_20260905,Eunice,1,False,False,0,model_fold0_G,all_valid,,OOF_date_group_diagnostic,log1p_C,5.676753802268282,3.29362465558811,5.679304529756564
FREP-286010-Z,R04_B1_all_valid_v1,B1_formal_pending_R04,R02_input_20260905,Eunice,1,False,False,0,model_fold0_G,all_valid,,OOF_date_group_diagnostic,log1p_C,6.313548046277095,3.2339421468561946,9.483972495748013
FREP-286012-Z,R04_B1_all_valid_v1,B1_formal_pending_R04,R02_input_20260905,Eunice,1,False,False,0,model_fold0_G,all_valid,,OOF_date_group_diagnostic,log1p_C,5.303304908059076,3.28128527477815,4.088563397373529
FREP-286014-Z,R04_B1_all_valid_v1,B1_formal_pending_R04,R02_input_20260905,Eunice,1,False,False,0,model_fold0_G,all_valid,,OOF_date_group_diagnostic,log1p_C,5.241747015059643,3.7134024323188664,2.3358371635930775
FREP-286015-Z,R04_B1_all_valid_v1,B1_formal_pending_R04,R02_input_20260905,Eunice,1,False,False,0,model_fold0_G,all_valid,,OOF_date_group_diagnostic,log1p_C,3.58351893845611,3.511109094580264,0.005243185490124398
FREP-286017-Z,R04_B1_all_valid_v1,B1_formal_pending_R04,R02_input_20260905,Eunice,1,False,False,0,model_fold0_G,all_valid,,OOF_date_group_diagnostic,log1p_C,0.6931471805599453,3.5945733291104887,8.41827369549284
FREP-286018-Z,R04_B1_all_valid_v1,B1_formal_pending_R04,R02_input_20260905,Eunice,1,False,False,0,model_fold0_G,all_valid,,OOF_date_group_diagnostic,log1p_C,5.802118375377063,3.2520401734439233,6.5028988359745545
FREP-286032-Z,R04_B1_all_valid_v1,B1_formal_pending_R04,R02_input_20260905,Franklin,1,False,False,3,model_fold3_G,all_valid,,OOF_date_group_diagnostic,log1p_C,2.1972245773362196,2.9286463567140246,0.5349778193481945
FREP-286040-Z,R04_B1_all_valid_v1,B1_formal_pending_R04,R02_input_20260905,Eunice,1,False,False,0,model_fold0_G,all_valid,,OOF_date_group_diagnostic,log1p_C,3.8066624897703196,3.472847069358112,0.11143273490497896
FREP-286047-Z,R04_B1_all_valid_v1,B1_formal_pending_R04,R02_input_20260905,Eunice,1,False,False,0,model_fold0_G,all_valid,,OOF_date_group_diagnostic,log1p_C,7.383989457978509,3.5586639583963757,14.633115177753298
FREP-286049-Z,R04_B1_all_valid_v1,B1_formal_pending_R04,R02_input_20260905,Eunice,1,False,False,0,model_fold0_G,all_valid,,OOF_date_group_diagnostic,log1p_C,0.6931471805599453,3.407513055270927,7.367782101795513
FREP-286054-Z,R04_B1_all_valid_v1,B1_formal_pending_R04,R02_input_20260905,Eunice,1,False,False,0,model_fold0_G,all_valid,,OOF_date_group_diagnostic,log1p_C,5.71042701737487,3.5184915180241507,4.804581233313885
FREP-286057-Z,R04_B1_all_valid_v1,B1_formal_pending_R04,R02_input_20260905,Eunice,1,False,False,0,model_fold0_G,all_valid,,OOF_date_group_diagnostic,log1p_C,4.007333185232471,5.250959622191973,1.5466067147045868
FREP-286064-Z,R04_B1_all_valid_v1,B1_formal_pending_R04,R02_input_20260905,Eunice,1,False,False,0,model_fold0_G,all_valid,,OOF_date_group_diagnostic,log1p_C,2.3978952727983707,3.434427643934736,1.074399356413576
FREP-286069-Z,R04_B1_all_valid_v1,B1_formal_pending_R04,R02_input_20260905,Eunice,1,False,False,0,model_fold0_G,all_valid,,OOF_date_group_diagnostic,log1p_C,5.5093883366279774,3.5172088736152958,3.9687790128494966
FREP-286074-Z,R04_B1_all_valid_v1,B1_formal_pending_R04,R02_input_20260905,Eunice,1,False,False,0,model_fold0_G,all_valid,,OOF_date_group_diagnostic,log1p_C,5.631211781821365,4.299170583702209,1.7743337534867165
FREP-286082-Z,R04_B1_all_valid_v1,B1_formal_pending_R04,R02_input_20260905,Eunice,1,False,False,0,model_fold0_G,all_valid,,OOF_date_group_diagnostic,log1p_C,6.423246963533519,3.4494258026349303,8.843612297008233
FREP-286083-Z,R04_B1_all_valid_v1,B1_formal_pending_R04,R02_input_20260905,Eunice,1,False,False,0,model_fold0_G,all_valid,,OOF_date_group_diagnostic,log1p_C,6.580639137284949,3.3788328750668857,10.251563340778807
FREP-286087-Z,R04_B1_all_valid_v1,B1_formal_pending_R04,R02_input_20260905,Eunice,1,False,False,0,model_fold0_G,all_valid,,OOF_date_group_diagnostic,log1p_C,2.9444389791664403,5.106817476614826,4.675880766227139
FREP-286091-Z,R04_B1_all_valid_v1,B1_formal_pending_R04,R02_input_20260905,Eunice,1,False,False,0,model_fold0_G,all_valid,,OOF_date_group_diagnostic,log1p_C,5.214935757608986,3.2622824835498854,3.8128548086937246
FREP-286095-Z,R04_B1_all_valid_v1,B1_formal_pending_R04,R02_input_20260905,Eunice,1,False,False,0,model_fold0_G,all_valid,,OOF_date_group_diagnostic,log1p_C,3.828641396489095,3.5300617660828753,0.08914979569351483
FREP-286103-Z,R04_B1_all_valid_v1,B1_formal_pending_R04,R02_input_20260905,Eunice,1,False,False,0,model_fold0_G,all_valid,,OOF_date_group_diagnostic,log1p_C,5.966146739123692,3.6151142477098617,5.527353775683523
FREP-286111-Z,R04_B1_all_valid_v1,B1_formal_pending_R04,R02_input_20260905,Eunice,1,False,False,0,model_fold0_G,all_valid,,OOF_date_group_diagnostic,log1p_C,4.248495242049359,3.5383254313569648,0.5043411600188715
FREP-286116-Z,R04_B1_all_valid_v1,B1_formal_pending_R04,R02_input_20260905,Eunice,1,False,False,0,model_fold0_G,all_valid,,OOF_date_group_diagnostic,log1p_C,5.43372200355424,3.7082171438826785,2.977367020750175
FREP-286117-Z,R04_B1_all_valid_v1,B1_formal_pending_R04,R02_input_20260905,Eunice,1,False,False,0,model_fold0_G,all_valid,,OOF_date_group_diagnostic,log1p_C,5.560681631015528,3.752539888964645,3.2693765593468003
FREP-286118-Z,R04_B1_all_valid_v1,B1_formal_pending_R04,R02_input_20260905,Eunice,1,False,False,0,model_fold0_G,all_valid,,OOF_date_group_diagnostic,log1p_C,0.6931471805599453,3.412374504940211,7.39419724165626
FREP-286121-Z,R04_B1_all_valid_v1,B1_formal_pending_R04,R02_input_20260905,Eunice,1,False,False,0,model_fold0_G,all_valid,,OOF_date_group_diagnostic,log1p_C,3.6635616461296463,3.6256862953930806,0.0014345421934178657
FREP-286123-Z,R04_B1_all_valid_v1,B1_formal_pending_R04,R02_input_20260905,Eunice,1,False,False,0,model_fold0_G,all_valid,,OOF_date_group_diagnostic,log1p_C,2.995732273553991,4.27567614716819,1.638256319602522
FREP-286128-Z,R04_B1_all_valid_v1,B1_formal_pending_R04,R02_input_20260905,Eunice,1,False,False,0,model_fold0_G,all_valid,,OOF_date_group_diagnostic,log1p_C,0.0,3.4494258026349303,11.898538367883633
FREP-286139-Z,R04_B1_all_valid_v1,B1_formal_pending_R04,R02_input_20260905,Eunice,1,False,False,0,model_fold0_G,all_valid,,OOF_date_group_diagnostic,log1p_C,4.927253685157205,4.327438926287415,0.35977774495802484
FREP-286144-Z,R04_B1_all_valid_v1,B1_formal_pending_R04,R02_input_20260905,Eunice,1,False,False,0,model_fold0_G,all_valid,,OOF_date_group_diagnostic,log1p_C,5.634789603169249,3.444135038189435,4.7989674230669
FREP-286147-Z,R04_B1_all_valid_v1,B1_formal_pending_R04,R02_input_20260905,Eunice,1,False,False,0,model_fold0_G,all_valid,,OOF_date_group_diagnostic,log1p_C,6.056784013228625,3.6716763230749927,5.688738693629994
FREP-286149-Z,R04_B1_all_valid_v1,B1_formal_pending_R04,R02_input_20260905,Eunice,1,False,False,0,model_fold0_G,all_valid,,OOF_date_group_diagnostic,log1p_C,4.07753744390572,3.6566734947872255,0.1771264636676145
FREP-286150-Z,R04_B1_all_valid_v1,B1_formal_pending_R04,R02_input_20260905,Eunice,1,False,False,0,model_fold0_G,all_valid,,OOF_date_group_diagnostic,log1p_C,0.0,3.4434491488537606,11.857342040741688
FREP-286151-Z,R04_B1_all_valid_v1,B1_formal_pending_R04,R02_input_20260905,Eunice,1,False,False,0,model_fold0_G,all_valid,,OOF_date_group_diagnostic,log1p_C,5.117993812416755,3.3788328750668857,3.0246807660036774
FREP-286152-Z,R04_B1_all_valid_v1,B1_formal_pending_R04,R02_input_20260905,Eunice,1,False,False,0,model_fold0_G,all_valid,,OOF_date_group_diagnostic,log1p_C,6.0014148779611505,3.140534833797909,8.18463462709147
FREP-286154-Z,R04_B1_all_valid_v1,B1_formal_pending_R04,R02_input_20260905,Eunice,1,False,False,0,model_fold0_G,all_valid,,OOF_date_group_diagnostic,log1p_C,3.6375861597263857,5.269923457166389,2.6645250526137327
FREP-286156-Z,R04_B1_all_valid_v1,B1_formal_pending_R04,R02_input_20260905,Eunice,1,False,False,0,model_fold0_G,all_valid,,OOF_date_group_diagnostic,log1p_C,3.871201010907891,3.738974628005531,0.01748381633544158
FREP-286160-Z,R04_B1_all_valid_v1,B1_formal_pending_R04,R02_input_20260905,Eunice,1,False,False,0,model_fold0_G,all_valid,,OOF_date_group_diagnostic,log1p_C,5.8289456176102075,3.4082207207453648,5.859909026301303
FREP-286162-Z,R04_B1_all_valid_v1,B1_formal_pending_R04,R02_input_20260905,Eunice,1,False,False,0,model_fold0_G,all_valid,,OOF_date_group_diagnostic,log1p_C,4.442651256490317,3.412374504940211,1.0614701847846377
FREP-286166-Z,R04_B1_all_valid_v1,B1_formal_pending_R04,R02_input_20260905,Eunice,1,False,False,0,model_fold0_G,all_valid,,OOF_date_group_diagnostic,log1p_C,5.771441123130016,3.4082207207453648,5.584810670247072
FREP-286168-Z,R04_B1_all_valid_v1,B1_formal_pending_R04,R02_input_20260905,Eunice,1,False,False,0,model_fold0_G,all_valid,,OOF_date_group_diagnostic,log1p_C,2.3978952727983707,3.5383254313569648,1.30058094654998
FREP-286169-Z,R04_B1_all_valid_v1,B1_formal_pending_R04,R02_input_20260905,Eunice,1,False,False,0,model_fold0_G,all_valid,,OOF_date_group_diagnostic,log1p_C,5.0106352940962555,3.546172473167549,2.1446513538824648
FREP-286174-Z,R04_B1_all_valid_v1,B1_formal_pending_R04,R02_input_20260905,Eunice,1,False,False,0,model_fold0_G,all_valid,,OOF_date_group_diagnostic,log1p_C,4.882801922586371,3.752539888964645,1.2774922646467186
FREP-286175-Z,R04_B1_all_valid_v1,B1_formal_pending_R04,R02_input_20260905,Eunice,1,False,False,0,model_fold0_G,all_valid,,OOF_date_group_diagnostic,log1p_C,3.871201010907891,4.233543510403153,0.13129208694047362
FREP-286177-Z,R04_B1_all_valid_v1,B1_formal_pending_R04,R02_input_20260905,Eunice,1,False,False,0,model_fold0_G,all_valid,,OOF_date_group_diagnostic,log1p_C,5.568344503761097,3.4075690953007354,4.66895036580704
FREP-286179-Z,R04_B1_all_valid_v1,B1_formal_pending_R04,R02_input_20260905,Eunice,1,False,False,0,model_fold0_G,all_valid,,OOF_date_group_diagnostic,log1p_C,7.033506484287697,3.280305471709892,14.086517840815063
FREP-286182-Z,R04_B1_all_valid_v1,B1_formal_pending_R04,R02_input_20260905,Eunice,1,False,False,0,model_fold0_G,all_valid,,OOF_date_group_diagnostic,log1p_C,0.6931471805599453,3.2819432577846097,6.70186512945381
FREP-286184-Z,R04_B1_all_valid_v1,B1_formal_pending_R04,R02_input_20260905,Eunice,1,False,False,0,model_fold0_G,all_valid,,OOF_date_group_diagnostic,log1p_C,4.983606621708336,3.4083387144732695,2.481468979564747
FREP-286186-Z,R04_B1_all_valid_v1,B1_formal_pending_R04,R02_input_20260905,Eunice,1,False,False,0,model_fold0_G,all_valid,,OOF_date_group_diagnostic,log1p_C,4.143134726391533,3.3247392688008297,0.669771125005096
FREP-286187-Z,R04_B1_all_valid_v1,B1_formal_pending_R04,R02_input_20260905,Eunice,1,False,False,0,model_fold0_G,all_valid,,OOF_date_group_diagnostic,log1p_C,5.214935757608986,3.2622824835498854,3.8128548086937246
FREP-286192-Z,R04_B1_all_valid_v1,B1_formal_pending_R04,R02_input_20260905,Eunice,1,False,False,0,model_fold0_G,all_valid,,OOF_date_group_diagnostic,log1p_C,7.074116816197362,4.593738963151854,6.1522742938786426
FREP-286195-Z,R04_B1_all_valid_v1,B1_formal_pending_R04,R02_input_20260905,Eunice,1,False,False,0,model_fold0_G,all_valid,,OOF_date_group_diagnostic,log1p_C,3.6888794541139363,4.112784090423402,0.17969514068466014
FREP-286196-Z,R04_B1_all_valid_v1,B1_formal_pending_R04,R02_input_20260905,Eunice,1,False,False,0,model_fold0_G,all_valid,,OOF_date_group_diagnostic,log1p_C,7.343426229147367,3.2616698152760213,16.66073542217987
FREP-286197-Z,R04_B1_all_valid_v1,B1_formal_pending_R04,R02_input_20260905,Eunice,1,False,False,0,model_fold0_G,all_valid,,OOF_date_group_diagnostic,log1p_C,0.6931471805599453,3.3146713600215834,6.872389023502014
FREP-286199-Z,R04_B1_all_valid_v1,B1_formal_pending_R04,R02_input_20260905,Eunice,1,False,False,0,model_fold0_G,all_valid,,OOF_date_group_diagnostic,log1p_C,7.556427969440253,3.648086154406138,15.27513574314416
FREP-286200-Z,R04_B1_all_valid_v1,B1_formal_pending_R04,R02_input_20260905,Eunice,1,False,False,0,model_fold0_G,all_valid,,OOF_date_group_diagnostic,log1p_C,6.317164686747284,3.3146713600215834,9.014966177032365
FREP-286205-Z,R04_B1_all_valid_v1,B1_formal_pending_R04,R02_input_20260905,Eunice,1,False,False,0,model_fold0_G,all_valid,,OOF_date_group_diagnostic,log1p_C,6.993932975223189,3.47261089848589,12.399709168117486
FREP-286212-Z,R04_B1_all_valid_v1,B1_formal_pending_R04,R02_input_20260905,Eunice,1,False,False,0,model_fold0_G,all_valid,,OOF_date_group_diagnostic,log1p_C,0.6931471805599453,3.163656100047326,6.103414321266705
FREP-286213-Z,R04_B1_all_valid_v1,B1_formal_pending_R04,R02_input_20260905,Eunice,1,False,False,0,model_fold0_G,all_valid,,OOF_date_group_diagnostic,log1p_C,5.583496308781699,3.4134598667207565,4.709058159872515
FREP-286218-Z,R04_B1_all_valid_v1,B1_formal_pending_R04,R02_input_20260905,Eunice,1,False,False,0,model_fold0_G,all_valid,,OOF_date_group_diagnostic,log1p_C,6.278521424165844,3.647135071515666,6.924194136913609
FREP-286219-Z,R04_B1_all_valid_v1,B1_formal_pending_R04,R02_input_20260905,Eunice,1,False,False,0,model_fold0_G,all_valid,,OOF_date_group_diagnostic,log1p_C,0.0,3.2616698152760213,10.638489983882716
FREP-286220-Z,R04_B1_all_valid_v1,B1_formal_pending_R04,R02_input_20260905,Eunice,1,False,False,0,model_fold0_G,all_valid,,OOF_date_group_diagnostic,log1p_C,1.3862943611198906,4.777983653363756,11.50355625512169
FREP-286222-Z,R04_B1_all_valid_v1,B1_formal_pending_R04,R02_input_20260905,Eunice,1,False,False,0,model_fold0_G,all_valid,,OOF_date_group_diagnostic,log1p_C,5.493061443340548,4.2386718988961,1.5734931292115508
FREP-286224-Z,R04_B1_all_valid_v1,B1_formal_pending_R04,R02_input_20260905,Eunice,1,False,False,0,model_fold0_G,all_valid,,OOF_date_group_diagnostic,log1p_C,7.011213987350367,3.646200417591041,11.323316324664404
FREP-286228-Z,R04_B1_all_valid_v1,B1_formal_pending_R04,R02_input_20260905,Eunice,1,False,False,0,model_fold0_G,all_valid,,OOF_date_group_diagnostic,log1p_C,3.258096538021482,3.3126602461179893,0.002977198241240837
FREP-286232-Z,R04_B1_all_valid_v1,B1_formal_pending_R04,R02_input_20260905,Eunice,1,False,False,0,model_fold0_G,all_valid,,OOF_date_group_diagnostic,log1p_C,4.442651256490317,3.523001277482133,0.8457560838897524
FREP-286233-Z,R04_B1_all_valid_v1,B1_formal_pending_R04,R02_input_20260905,Eunice,1,False,False,0,model_fold0_G,all_valid,,OOF_date_group_diagnostic,log1p_C,4.174387269895637,2.816860091935824,1.8428800388995332
FREP-286235-Z,R04_B1_all_valid_v1,B1_formal_pending_R04,R02_input_20260905,Eunice,1,False,False,0,model_fold0_G,all_valid,,OOF_date_group_diagnostic,log1p_C,3.58351893845611,3.5935608552424574,0.00010084009274392712
FREP-286238-Z,R04_B1_all_valid_v1,B1_formal_pending_R04,R02_input_20260905,Eunice,1,False,False,0,model_fold0_G,all_valid,,OOF_date_group_diagnostic,log1p_C,4.418840607796598,4.299170583702209,0.014320914666751613
FREP-286241-Z,R04_B1_all_valid_v1,B1_formal_pending_R04,R02_input_20260905,Eunice,1,False,False,0,model_fold0_G,all_valid,,OOF_date_group_diagnostic,log1p_C,6.598509028614515,3.3623506074009253,10.472721327191634
FREP-286251-Z,R04_B1_all_valid_v1,B1_formal_pending_R04,R02_input_20260905,Eunice,1,False,False,0,model_fold0_G,all_valid,,OOF_date_group_diagnostic,log1p_C,0.6931471805599453,4.299170583702209,13.003404784009716
FREP-286254-Z,R04_B1_all_valid_v1,B1_formal_pending_R04,R02_input_20260905,Eunice,1,False,False,0,model_fold0_G,all_valid,,OOF_date_group_diagnostic,log1p_C,6.267200548541362,3.2616698152760213,9.033214988602499
FREP-286265-Z,R04_B1_all_valid_v1,B1_formal_pending_R04,R02_input_20260905,Eunice,1,False,False,0,model_fold0_G,all_valid,,OOF_date_group_diagnostic,log1p_C,6.748759547491679,4.146152261244869,6.773564686424986
FREP-286266-Z,R04_B1_all_valid_v1,B1_formal_pending_R04,R02_input_20260905,Eunice,1,False,False,0,model_fold0_G,all_valid,,OOF_date_group_diagnostic,log1p_C,4.477336814478207,5.095459505993658,0.3820756617663051
FREP-286268-Z,R04_B1_all_valid_v1,B1_formal_pending_R04,R02_input_20260905,Eunice,1,False,False,0,model_fold0_G,all_valid,,OOF_date_group_diagnostic,log1p_C,2.70805020110221,4.922900916709884,4.905563692427827
FREP-286280-Z,R04_B1_all_valid_v1,B1_formal_pending_R04,R02_input_20260905,Franklin,1,False,False,3,model_fold3_G,all_valid,,OOF_date_group_diagnostic,log1p_C,4.564348191467836,3.115472196243856,2.099241649536279
FREP-286284-Z,R04_B1_all_valid_v1,B1_formal_pending_R04,R02_input_20260905,Eunice,1,False,False,0,model_fold0_G,all_valid,,OOF_date_group_diagnostic,log1p_C,5.135798437050262,4.470458956166802,0.4426766248222727
FREP-286286-Z,R04_B1_all_valid_v1,B1_formal_pending_R04,R02_input_20260905,Eunice,1,False,False,0,model_fold0_G,all_valid,,OOF_date_group_diagnostic,log1p_C,0.0,3.647135071515666,13.301594229879582
FREP-286294-Z,R04_B1_all_valid_v1,B1_formal_pending_R04,R02_input_20260905,Eunice,1,False,False,0,model_fold0_G,all_valid,,OOF_date_group_diagnostic,log1p_C,7.088408778675395,4.024296158841185,9.388786147027263
FREP-286295-Z,R04_B1_all_valid_v1,B1_formal_pending_R04,R02_input_20260905,Eunice,1,False,False,0,model_fold0_G,all_valid,,OOF_date_group_diagnostic,log1p_C,0.6931471805599453,3.3788328750668857,7.212907649679226
FREP-286297-Z,R04_B1_all_valid_v1,B1_formal_pending_R04,R02_input_20260905,Eunice,1,False,False,0,model_fold0_G,all_valid,,OOF_date_group_diagnostic,log1p_C,5.676753802268282,4.74254327411077,0.872749310920337
FREP-286309-Z,R04_B1_all_valid_v1,B1_formal_pending_R04,R02_input_20260905,Eunice,1,False,False,0,model_fold0_G,all_valid,,OOF_date_group_diagnostic,log1p_C,7.539027055823995,4.471115891212476,9.412078913948005
FREP-286310-Z,R04_B1_all_valid_v1,B1_formal_pending_R04,R02_input_20260905,Eunice,1,False,False,0,model_fold0_G,all_valid,,OOF_date_group_diagnostic,log1p_C,4.912654885736052,4.500326632590167,0.17001458834233715
FREP-286313-Z,R04_B1_all_valid_v1,B1_formal_pending_R04,R02_input_20260905,Eunice,1,False,False,0,model_fold0_G,all_valid,,OOF_date_group_diagnostic,log1p_C,4.276666119016055,4.463327606813616,0.03484251102679884
FREP-286316-Z,R04_B1_all_valid_v1,B1_formal_pending_R04,R02_input_20260905,Eunice,1,False,False,0,model_fold0_G,all_valid,,OOF_date_group_diagnostic,log1p_C,2.6390573296152584,5.196734626659154,6.541713155813768
FREP-286317-Z,R04_B1_all_valid_v1,B1_formal_pending_R04,R02_input_20260905,Eunice,1,False,False,0,model_fold0_G,all_valid,,OOF_date_group_diagnostic,log1p_C,5.2574953720277815,5.4394121569778004,0.03309371664655144
FREP-286319-Z,R04_B1_all_valid_v1,B1_formal_pending_R04,R02_input_20260905,Eunice,1,False,False,0,model_fold0_G,all_valid,,OOF_date_group_diagnostic,log1p_C,7.56734567601324,4.3470147874866445,10.370531031598489
FREP-286327-Z,R04_B1_all_valid_v1,B1_formal_pending_R04,R02_input_20260905,Eunice,1,False,False,0,model_fold0_G,all_valid,,OOF_date_group_diagnostic,log1p_C,8.060224240440958,4.744770390326776,10.99223423223695
FREP-286330-Z,R04_B1_all_valid_v1,B1_formal_pending_R04,R02_input_20260905,Eunice,1,False,False,0,model_fold0_G,all_valid,,OOF_date_group_diagnostic,log1p_C,6.150602768446279,4.157941098841721,3.9707005295112268
FREP-286332-Z,R04_B1_all_valid_v1,B1_formal_pending_R04,R02_input_20260905,Eunice,1,False,False,0,model_fold0_G,all_valid,,OOF_date_group_diagnostic,log1p_C,6.366470447731438,3.3247392688008297,9.25212856487859
FREP-286333-Z,R04_B1_all_valid_v1,B1_formal_pending_R04,R02_input_20260905,Eunice,1,False,False,0,model_fold0_G,all_valid,,OOF_date_group_diagnostic,log1p_C,6.161207321695077,4.0164473159436005,4.599995482271073
FREP-286338-Z,R04_B1_all_valid_v1,B1_formal_pending_R04,R02_input_20260905,Eunice,1,False,False,0,model_fold0_G,all_valid,,OOF_date_group_diagnostic,log1p_C,2.4849066497880004,4.12274738811173,2.682522284112819
FREP-286339-Z,R04_B1_all_valid_v1,B1_formal_pending_R04,R02_input_20260905,Eunice,1,False,False,0,model_fold0_G,all_valid,,OOF_date_group_diagnostic,log1p_C,4.969813299576001,4.318601645427489,0.4240766184988404
FREP-286340-Z,R04_B1_all_valid_v1,B1_formal_pending_R04,R02_input_20260905,Eunice,1,False,False,0,model_fold0_G,all_valid,,OOF_date_group_diagnostic,log1p_C,0.6931471805599453,3.046521372702183,5.53837008824113
FREP-286341-Z,R04_B1_all_valid_v1,B1_formal_pending_R04,R02_input_20260905,Eunice,1,False,False,0,model_fold0_G,all_valid,,OOF_date_group_diagnostic,log1p_C,7.1252830915107115,4.024296158841185,9.616119956587157
FREP-286342-Z,R04_B1_all_valid_v1,B1_formal_pending_R04,R02_input_20260905,Eunice,1,False,False,0,model_fold0_G,all_valid,,OOF_date_group_diagnostic,log1p_C,7.973155433444133,4.470458956166802,12.268882611931028
FREP-286343-Z,R04_B1_all_valid_v1,B1_formal_pending_R04,R02_input_20260905,Eunice,1,False,False,0,model_fold0_G,all_valid,,OOF_date_group_diagnostic,log1p_C,4.672828834461906,4.792464134720258,0.014312605067906067
FREP-286360-Z,R04_B1_all_valid_v1,B1_formal_pending_R04,R02_input_20260905,Eunice,1,False,False,0,model_fold0_G,all_valid,,OOF_date_group_diagnostic,log1p_C,5.680172609017068,3.8641619423269313,3.2978947415323536
FREP-286363-Z,R04_B1_all_valid_v1,B1_formal_pending_R04,R02_input_20260905,Eunice,1,False,False,0,model_fold0_G,all_valid,,OOF_date_group_diagnostic,log1p_C,3.8066624897703196,4.202703837870479,0.15684874940499186
FREP-286365-Z,R04_B1_all_valid_v1,B1_formal_pending_R04,R02_input_20260905,Eunice,1,False,False,0,model_fold0_G,all_valid,,OOF_date_group_diagnostic,log1p_C,1.0986122886681098,4.707475499780797,13.023893676522572
FREP-286366-Z,R04_B1_all_valid_v1,B1_formal_pending_R04,R02_input_20260905,Eunice,1,False,False,0,model_fold0_G,all_valid,,OOF_date_group_diagnostic,log1p_C,2.9444389791664403,4.500326632590167,2.4207863900763913
FREP-286369-Z,R04_B1_all_valid_v1,B1_formal_pending_R04,R02_input_20260905,Eunice,1,False,False,0,model_fold0_G,all_valid,,OOF_date_group_diagnostic,log1p_C,7.149131598557407,3.518302865581093,13.182917288206387
FREP-286371-Z,R04_B1_all_valid_v1,B1_formal_pending_R04,R02_input_20260905,Eunice,1,False,False,0,model_fold0_G,all_valid,,OOF_date_group_diagnostic,log1p_C,5.966146739123692,3.518302865581093,5.991939629240037
FREP-286375-Z,R04_B1_all_valid_v1,B1_formal_pending_R04,R02_input_20260905,Eunice,1,False,False,0,model_fold0_G,all_valid,,OOF_date_group_diagnostic,log1p_C,4.68213122712422,4.501915897338193,0.03247756508988629
FREP-286376-Z,R04_B1_all_valid_v1,B1_formal_pending_R04,R02_input_20260905,Eunice,1,False,False,0,model_fold0_G,all_valid,,OOF_date_group_diagnostic,log1p_C,6.99117688712121,3.7399759553815386,10.570307498544905
FREP-286380-Z,R04_B1_all_valid_v1,B1_formal_pending_R04,R02_input_20260905,Eunice,1,False,False,0,model_fold0_G,all_valid,,OOF_date_group_diagnostic,log1p_C,6.892641641172089,4.0164473159436005,8.27249379647656
FREP-286383-Z,R04_B1_all_valid_v1,B1_formal_pending_R04,R02_input_20260905,Eunice,1,False,False,0,model_fold0_G,all_valid,,OOF_date_group_diagnostic,log1p_C,2.1972245773362196,4.233543510403153,4.146594797166853
FREP-286385-Z,R04_B1_all_valid_v1,B1_formal_pending_R04,R02_input_20260905,Eunice,1,False,False,0,model_fold0_G,all_valid,,OOF_date_group_diagnostic,log1p_C,5.945420608606575,4.3470147874866445,2.5549011689900802
FREP-286398-Z,R04_B1_all_valid_v1,B1_formal_pending_R04,R02_input_20260905,Franklin,1,False,False,3,model_fold3_G,all_valid,,OOF_date_group_diagnostic,log1p_C,0.6931471805599453,3.1276664067775477,5.9268838628231535
FREP-286402-Z,R04_B1_all_valid_v1,B1_formal_pending_R04,R02_input_20260905,Eunice,1,False,False,0,model_fold0_G,all_valid,,OOF_date_group_diagnostic,log1p_C,2.995732273553991,5.281789026627835,5.226055478274526
FREP-286403-Z,R04_B1_all_valid_v1,B1_formal_pending_R04,R02_input_20260905,Eunice;Franklin,2,False,False,1,model_fold1_G,all_valid,,OOF_date_group_diagnostic,log1p_C,0.0,2.512951601178198,6.314925749864069
FREP-286404-Z,R04_B1_all_valid_v1,B1_formal_pending_R04,R02_input_20260905,Franklin,1,False,False,3,model_fold3_G,all_valid,,OOF_date_group_diagnostic,log1p_C,2.1972245773362196,3.064109825055478,0.7514900327132799
FREP-286406-Z,R04_B1_all_valid_v1,B1_formal_pending_R04,R02_input_20260905,Eunice,1,False,False,0,model_fold0_G,all_valid,,OOF_date_group_diagnostic,log1p_C,7.3833681469923835,3.738974628005531,13.281604121233375
FREP-286408-Z,R04_B1_all_valid_v1,B1_formal_pending_R04,R02_input_20260905,Eunice,1,False,False,0,model_fold0_G,all_valid,,OOF_date_group_diagnostic,log1p_C,3.9889840465642745,5.385609675370217,1.9505631470375948
FREP-286409-Z,R04_B1_all_valid_v1,B1_formal_pending_R04,R02_input_20260905,Eunice,1,False,False,0,model_fold0_G,all_valid,,OOF_date_group_diagnostic,log1p_C,5.267858159063328,3.8913215769798413,1.8948529618140884
FREP-286413-Z,R04_B1_all_valid_v1,B1_formal_pending_R04,R02_input_20260905,Eunice,1,False,False,0,model_fold0_G,all_valid,,OOF_date_group_diagnostic,log1p_C,5.780743515792329,4.74254327411077,1.0778597418276474
FREP-286415-Z,R04_B1_all_valid_v1,B1_formal_pending_R04,R02_input_20260905,Eunice,1,False,False,0,model_fold0_G,all_valid,,OOF_date_group_diagnostic,log1p_C,5.3612921657094255,3.685673542421315,2.8076977707099426
FREP-286417-Z,R04_B1_all_valid_v1,B1_formal_pending_R04,R02_input_20260905,Eunice,1,False,False,0,model_fold0_G,all_valid,,OOF_date_group_diagnostic,log1p_C,5.966146739123692,4.2488551379012724,2.9490904436290624
FREP-286418-Z,R04_B1_all_valid_v1,B1_formal_pending_R04,R02_input_20260905,Eunice,1,False,False,0,model_fold0_G,all_valid,,OOF_date_group_diagnostic,log1p_C,1.9459101490553132,4.531650349364448,6.686052383494726
FREP-286419-Z,R04_B1_all_valid_v1,B1_formal_pending_R04,R02_input_20260905,Eunice,1,False,False,0,model_fold0_G,all_valid,,OOF_date_group_diagnostic,log1p_C,5.993961427306569,4.470458956166802,2.321059779568979
FREP-286421-Z,R04_B1_all_valid_v1,B1_formal_pending_R04,R02_input_20260905,Eunice,1,False,False,0,model_fold0_G,all_valid,,OOF_date_group_diagnostic,log1p_C,6.045005314036012,4.244169173272389,3.2430108058804206
FREP-286423-Z,R04_B1_all_valid_v1,B1_formal_pending_R04,R02_input_20260905,Eunice,1,False,False,0,model_fold0_G,all_valid,,OOF_date_group_diagnostic,log1p_C,6.687108607866515,3.602850182939993,9.512650031730228
FREP-286424-Z,R04_B1_all_valid_v1,B1_formal_pending_R04,R02_input_20260905,Eunice,1,False,False,0,model_fold0_G,all_valid,,OOF_date_group_diagnostic,log1p_C,3.367295829986474,4.77051424622449,1.9690219236695257
FREP-286426-Z,R04_B1_all_valid_v1,B1_formal_pending_R04,R02_input_20260905,Eunice,1,False,False,0,model_fold0_G,all_valid,,OOF_date_group_diagnostic,log1p_C,6.423246963533519,3.352892378457204,9.427077278099153
FREP-286432-Z,R04_B1_all_valid_v1,B1_formal_pending_R04,R02_input_20260905,Eunice,1,False,False,0,model_fold0_G,all_valid,,OOF_date_group_diagnostic,log1p_C,4.48863636973214,4.5853309352073675,0.009349838992443118
FREP-286436-Z,R04_B1_all_valid_v1,B1_formal_pending_R04,R02_input_20260905,Eunice,1,False,False,0,model_fold0_G,all_valid,,OOF_date_group_diagnostic,log1p_C,6.338594078203183,3.865717576995686,6.115118190224233
FREP-286438-Z,R04_B1_all_valid_v1,B1_formal_pending_R04,R02_input_20260905,Eunice,1,False,False,0,model_fold0_G,all_valid,,OOF_date_group_diagnostic,log1p_C,5.3230099791384085,4.627435443227635,0.48382393500748755
FREP-286440-Z,R04_B1_all_valid_v1,B1_formal_pending_R04,R02_input_20260905,Eunice,1,False,False,0,model_fold0_G,all_valid,,OOF_date_group_diagnostic,log1p_C,5.971261839790462,4.1950721412876355,3.1548498450675626
FREP-286441-Z,R04_B1_all_valid_v1,B1_formal_pending_R04,R02_input_20260905,Eunice,1,False,False,0,model_fold0_G,all_valid,,OOF_date_group_diagnostic,log1p_C,4.976733742420574,4.75389456973271,0.04965729688421188
FREP-286447-Z,R04_B1_all_valid_v1,B1_formal_pending_R04,R02_input_20260905,Eunice,1,False,False,0,model_fold0_G,all_valid,,OOF_date_group_diagnostic,log1p_C,4.762173934797756,4.732185803715364,0.0008992880058147491
FREP-286449-Z,R04_B1_all_valid_v1,B1_formal_pending_R04,R02_input_20260905,Eunice,1,False,False,0,model_fold0_G,all_valid,,OOF_date_group_diagnostic,log1p_C,2.302585092994046,4.732185803715364,5.902959613537534
FREP-286453-Z,R04_B1_all_valid_v1,B1_formal_pending_R04,R02_input_20260905,Eunice,1,False,False,0,model_fold0_G,all_valid,,OOF_date_group_diagnostic,log1p_C,4.875197323201151,4.370467670601362,0.25475202221350424
FREP-286455-Z,R04_B1_all_valid_v1,B1_formal_pending_R04,R02_input_20260905,Eunice,1,False,False,0,model_fold0_G,all_valid,,OOF_date_group_diagnostic,log1p_C,5.099866427824199,4.761710684003092,0.11434930707920579
FREP-286458-Z,R04_B1_all_valid_v1,B1_formal_pending_R04,R02_input_20260905,Eunice,1,False,False,0,model_fold0_G,all_valid,,OOF_date_group_diagnostic,log1p_C,4.430816798843313,5.122615087152895,0.4785848717080674
FREP-286465-Z,R04_B1_all_valid_v1,B1_formal_pending_R04,R02_input_20260905,Eunice,1,False,False,0,model_fold0_G,all_valid,,OOF_date_group_diagnostic,log1p_C,6.670766320845874,4.839811820379331,3.352394382778688
FREP-286473-Z,R04_B1_all_valid_v1,B1_formal_pending_R04,R02_input_20260905,Eunice,1,False,False,0,model_fold0_G,all_valid,,OOF_date_group_diagnostic,log1p_C,0.6931471805599453,4.960551131006314,18.210736476285273
FREP-286475-Z,R04_B1_all_valid_v1,B1_formal_pending_R04,R02_input_20260905,Franklin,1,False,False,3,model_fold3_G,all_valid,,OOF_date_group_diagnostic,log1p_C,1.791759469228055,3.1540814403636945,1.8559211530388944
FREP-286481-Z,R04_B1_all_valid_v1,B1_formal_pending_R04,R02_input_20260905,Eunice,1,False,False,0,model_fold0_G,all_valid,,OOF_date_group_diagnostic,log1p_C,6.028278520230698,4.370467670601362,2.748336813148742
FREP-286483-Z,R04_B1_all_valid_v1,B1_formal_pending_R04,R02_input_20260905,Eunice,1,False,False,0,model_fold0_G,all_valid,,OOF_date_group_diagnostic,log1p_C,6.661854740545311,4.362332677545646,5.287801718222238
FREP-286485-Z,R04_B1_all_valid_v1,B1_formal_pending_R04,R02_input_20260905,Eunice,1,False,False,0,model_fold0_G,all_valid,,OOF_date_group_diagnostic,log1p_C,0.6931471805599453,4.458605574044784,14.178676913065418
FREP-286486-Z,R04_B1_all_valid_v1,B1_formal_pending_R04,R02_input_20260905,Eunice,1,False,False,0,model_fold0_G,all_valid,,OOF_date_group_diagnostic,log1p_C,6.423246963533519,4.3470147874866445,4.310740048852342
FREP-286487-Z,R04_B1_all_valid_v1,B1_formal_pending_R04,R02_input_20260905,Eunice,1,False,False,0,model_fold0_G,all_valid,,OOF_date_group_diagnostic,log1p_C,4.804021044733257,3.8817826339510964,0.8505236863220048
FREP-286491-Z,R04_B1_all_valid_v1,B1_formal_pending_R04,R02_input_20260905,Eunice,1,False,False,0,model_fold0_G,all_valid,,OOF_date_group_diagnostic,log1p_C,5.823045895483019,5.561517784776946,0.06839695268948795
FREP-286492-Z,R04_B1_all_valid_v1,B1_formal_pending_R04,R02_input_20260905,Eunice,1,False,False,0,model_fold0_G,all_valid,,OOF_date_group_diagnostic,log1p_C,6.171700597410915,6.238043190870201,0.004401339706904076
FREP-286500-Z,R04_B1_all_valid_v1,B1_formal_pending_R04,R02_input_20260905,Eunice,1,False,False,0,model_fold0_G,all_valid,,OOF_date_group_diagnostic,log1p_C,6.313548046277095,4.470458956166802,3.3969773940835895
FREP-286507-Z,R04_B1_all_valid_v1,B1_formal_pending_R04,R02_input_20260905,Eunice,1,False,False,0,model_fold0_G,all_valid,,OOF_date_group_diagnostic,log1p_C,5.332718793265369,5.112377986098239,0.04855007130306227
FREP-286517-Z,R04_B1_all_valid_v1,B1_formal_pending_R04,R02_input_20260905,Eunice,1,False,False,0,model_fold0_G,all_valid,,OOF_date_group_diagnostic,log1p_C,1.791759469228055,3.64959909409055,3.451568071709216
FREP-286519-Z,R04_B1_all_valid_v1,B1_formal_pending_R04,R02_input_20260905,Eunice,1,False,False,0,model_fold0_G,all_valid,,OOF_date_group_diagnostic,log1p_C,1.6094379124341003,5.346583880826798,13.966259989073793
FREP-286520-Z,R04_B1_all_valid_v1,B1_formal_pending_R04,R02_input_20260905,Eunice,1,False,False,0,model_fold0_G,all_valid,,OOF_date_group_diagnostic,log1p_C,2.302585092994046,5.362254144076025,9.361574702148898
FREP-286524-Z,R04_B1_all_valid_v1,B1_formal_pending_R04,R02_input_20260905,Eunice,1,False,False,0,model_fold0_G,all_valid,,OOF_date_group_diagnostic,log1p_C,7.026426808699636,6.238043190870201,0.621548728861829
FREP-286529-Z,R04_B1_all_valid_v1,B1_formal_pending_R04,R02_input_20260905,Eunice,1,False,False,0,model_fold0_G,all_valid,,OOF_date_group_diagnostic,log1p_C,2.995732273553991,5.060476666298328,4.2631694073691815
FREP-286538-Z,R04_B1_all_valid_v1,B1_formal_pending_R04,R02_input_20260905,Eunice,1,False,False,0,model_fold0_G,all_valid,,OOF_date_group_diagnostic,log1p_C,5.963579343618446,5.161777823792426,0.6428856771953152
FREP-286546-Z,R04_B1_all_valid_v1,B1_formal_pending_R04,R02_input_20260905,Eunice,1,False,False,0,model_fold0_G,all_valid,,OOF_date_group_diagnostic,log1p_C,2.3978952727983707,5.462693875610037,9.39299047579634
FREP-286547-Z,R04_B1_all_valid_v1,B1_formal_pending_R04,R02_input_20260905,Eunice,1,False,False,0,model_fold0_G,all_valid,,OOF_date_group_diagnostic,log1p_C,5.017279836814924,4.425888995145762,0.34974312761016035
FREP-286566-Z,R04_B1_all_valid_v1,B1_formal_pending_R04,R02_input_20260905,Eunice,1,False,False,0,model_fold0_G,all_valid,,OOF_date_group_diagnostic,log1p_C,0.6931471805599453,3.518302865581093,7.981504644607309
FREP-286571-Z,R04_B1_all_valid_v1,B1_formal_pending_R04,R02_input_20260905,Eunice,1,False,False,0,model_fold0_G,all_valid,,OOF_date_group_diagnostic,log1p_C,4.61512051684126,3.8201378687167686,0.6319974108190284
FREP-286574-Z,R04_B1_all_valid_v1,B1_formal_pending_R04,R02_input_20260905,Eunice,1,False,False,0,model_fold0_G,all_valid,,OOF_date_group_diagnostic,log1p_C,4.442651256490317,4.390955036390687,0.00267249917258937
FREP-286576-Z,R04_B1_all_valid_v1,B1_formal_pending_R04,R02_input_20260905,Eunice,1,False,False,0,model_fold0_G,all_valid,,OOF_date_group_diagnostic,log1p_C,6.042632833682381,4.871129186473425,1.3724207954238865
FREP-286579-Z,R04_B1_all_valid_v1,B1_formal_pending_R04,R02_input_20260905,Eunice,1,False,False,0,model_fold0_G,all_valid,,OOF_date_group_diagnostic,log1p_C,4.499809670330265,5.451300581160452,0.9053349533924588
FREP-286589-Z,R04_B1_all_valid_v1,B1_formal_pending_R04,R02_input_20260905,Eunice,1,False,False,0,model_fold0_G,all_valid,,OOF_date_group_diagnostic,log1p_C,2.995732273553991,5.346583880826798,5.526503279417141
FREP-286595-Z,R04_B1_all_valid_v1,B1_formal_pending_R04,R02_input_20260905,Eunice,1,False,False,0,model_fold0_G,all_valid,,OOF_date_group_diagnostic,log1p_C,6.493753839851686,4.283086778428342,4.887048856462122
FREP-286596-Z,R04_B1_all_valid_v1,B1_formal_pending_R04,R02_input_20260905,Eunice,1,False,False,0,model_fold0_G,all_valid,,OOF_date_group_diagnostic,log1p_C,5.3706380281276624,4.571686890292625,0.6383229206479009
FREP-286597-Z,R04_B1_all_valid_v1,B1_formal_pending_R04,R02_input_20260905,Eunice,1,False,False,0,model_fold0_G,all_valid,,OOF_date_group_diagnostic,log1p_C,3.4657359027997265,3.865310880197077,0.15966016256209314
FREP-286601-Z,R04_B1_all_valid_v1,B1_formal_pending_R04,R02_input_20260905,Eunice,1,False,False,0,model_fold0_G,all_valid,,OOF_date_group_diagnostic,log1p_C,1.0986122886681098,5.470982878417974,19.117624574109573
FREP-286602-Z,R04_B1_all_valid_v1,B1_formal_pending_R04,R02_input_20260905,Eunice,1,False,False,0,model_fold0_G,all_valid,,OOF_date_group_diagnostic,log1p_C,5.7430031878094825,5.7638742863814345,0.0004356027556001376
FREP-286605-Z,R04_B1_all_valid_v1,B1_formal_pending_R04,R02_input_20260905,Eunice,1,False,False,0,model_fold0_G,all_valid,,OOF_date_group_diagnostic,log1p_C,5.598421958998375,4.045381465047221,2.4119347758520444
FREP-286606-Z,R04_B1_all_valid_v1,B1_formal_pending_R04,R02_input_20260905,Eunice,1,False,False,0,model_fold0_G,all_valid,,OOF_date_group_diagnostic,log1p_C,6.498282149476434,4.201318503396432,5.276041991413136
FREP-286608-Z,R04_B1_all_valid_v1,B1_formal_pending_R04,R02_input_20260905,Eunice,1,False,False,0,model_fold0_G,all_valid,,OOF_date_group_diagnostic,log1p_C,1.9459101490553132,4.694436361798028,7.554396342133807
FREP-286610-Z,R04_B1_all_valid_v1,B1_formal_pending_R04,R02_input_20260905,Eunice,1,False,False,0,model_fold0_G,all_valid,,OOF_date_group_diagnostic,log1p_C,0.6931471805599453,4.362332677545646,13.4629222112902
FREP-286614-Z,R04_B1_all_valid_v1,B1_formal_pending_R04,R02_input_20260905,Eunice,1,False,False,0,model_fold0_G,all_valid,,OOF_date_group_diagnostic,log1p_C,3.4965075614664802,4.727742310066124,1.515939006159228
FREP-286621-Z,R04_B1_all_valid_v1,B1_formal_pending_R04,R02_input_20260905,Eunice,1,False,False,0,model_fold0_G,all_valid,,OOF_date_group_diagnostic,log1p_C,3.6375861597263857,5.176125340427778,2.3671028105533125
FREP-286625-Z,R04_B1_all_valid_v1,B1_formal_pending_R04,R02_input_20260905,Eunice,1,False,False,0,model_fold0_G,all_valid,,OOF_date_group_diagnostic,log1p_C,2.772588722239781,4.856931881044679,4.344486403656781
FREP-286631-Z,R04_B1_all_valid_v1,B1_formal_pending_R04,R02_input_20260905,Eunice,1,False,False,0,model_fold0_G,all_valid,,OOF_date_group_diagnostic,log1p_C,0.0,4.490545529277606,20.164999150515094
FREP-286639-Z,R04_B1_all_valid_v1,B1_formal_pending_R04,R02_input_20260905,Eunice,1,False,False,0,model_fold0_G,all_valid,,OOF_date_group_diagnostic,log1p_C,1.9459101490553132,5.114296712987316,10.03867341850484
FREP-286643-Z,R04_B1_all_valid_v1,B1_formal_pending_R04,R02_input_20260905,Eunice,1,False,False,0,model_fold0_G,all_valid,,OOF_date_group_diagnostic,log1p_C,1.0986122886681098,4.025583727917791,8.56716180618335
FREP-286644-Z,R04_B1_all_valid_v1,B1_formal_pending_R04,R02_input_20260905,Eunice,1,False,False,0,model_fold0_G,all_valid,,OOF_date_group_diagnostic,log1p_C,6.658011045870748,5.81604265836861,0.7089107655529512
FREP-286646-Z,R04_B1_all_valid_v1,B1_formal_pending_R04,R02_input_20260905,Eunice,1,False,False,0,model_fold0_G,all_valid,,OOF_date_group_diagnostic,log1p_C,5.814130531825066,4.24522401017524,2.4614676736753576
FREP-286648-Z,R04_B1_all_valid_v1,B1_formal_pending_R04,R02_input_20260905,Eunice,1,False,False,0,model_fold0_G,all_valid,,OOF_date_group_diagnostic,log1p_C,4.890349128221754,5.661343867841914,0.5944328885219593
FREP-286652-Z,R04_B1_all_valid_v1,B1_formal_pending_R04,R02_input_20260905,Eunice,1,False,False,0,model_fold0_G,all_valid,,OOF_date_group_diagnostic,log1p_C,5.53338948872752,4.91230139593094,0.3857504190136938
FREP-286657-Z,R04_B1_all_valid_v1,B1_formal_pending_R04,R02_input_20260905,Eunice,1,False,False,0,model_fold0_G,all_valid,,OOF_date_group_diagnostic,log1p_C,5.442417710521793,4.766440535503283,0.4569451411460058
FREP-286662-Z,R04_B1_all_valid_v1,B1_formal_pending_R04,R02_input_20260905,Eunice,1,False,False,0,model_fold0_G,all_valid,,OOF_date_group_diagnostic,log1p_C,6.045005314036012,4.811623297806708,1.5212311979578628
FREP-286663-Z,R04_B1_all_valid_v1,B1_formal_pending_R04,R02_input_20260905,Eunice,1,False,False,0,model_fold0_G,all_valid,,OOF_date_group_diagnostic,log1p_C,7.622174594817622,5.424897722856087,4.82802565205707
FREP-286675-Z,R04_B1_all_valid_v1,B1_formal_pending_R04,R02_input_20260905,Eunice,1,False,False,0,model_fold0_G,all_valid,,OOF_date_group_diagnostic,log1p_C,0.0,5.299449058738288,28.084160326162127
FREP-286676-Z,R04_B1_all_valid_v1,B1_formal_pending_R04,R02_input_20260905,Eunice,1,False,False,0,model_fold0_G,all_valid,,OOF_date_group_diagnostic,log1p_C,6.26530121273771,5.316937318210118,0.8993940764435417
FREP-286683-Z,R04_B1_all_valid_v1,B1_formal_pending_R04,R02_input_20260905,Eunice,1,False,False,0,model_fold0_G,all_valid,,OOF_date_group_diagnostic,log1p_C,1.791759469228055,3.478779180159459,2.846035505071079
FREP-286690-Z,R04_B1_all_valid_v1,B1_formal_pending_R04,R02_input_20260905,Eunice,1,False,False,0,model_fold0_G,all_valid,,OOF_date_group_diagnostic,log1p_C,6.821107472256465,4.152027633833924,7.123987183873694
FREP-286692-Z,R04_B1_all_valid_v1,B1_formal_pending_R04,R02_input_20260905,Eunice,1,False,False,0,model_fold0_G,all_valid,,OOF_date_group_diagnostic,log1p_C,7.752764808851328,4.824647321793306,8.573872018014985
FREP-286698-Z,R04_B1_all_valid_v1,B1_formal_pending_R04,R02_input_20260905,Eunice,1,False,False,0,model_fold0_G,all_valid,,OOF_date_group_diagnostic,log1p_C,5.147494476813453,4.278621443754995,0.7549403475762042
FREP-286699-Z,R04_B1_all_valid_v1,B1_formal_pending_R04,R02_input_20260905,Eunice,1,False,False,0,model_fold0_G,all_valid,,OOF_date_group_diagnostic,log1p_C,5.616771097666572,4.281141351228192,1.78390681957105
FREP-286700-Z,R04_B1_all_valid_v1,B1_formal_pending_R04,R02_input_20260905,Eunice,1,False,False,0,model_fold0_G,all_valid,,OOF_date_group_diagnostic,log1p_C,6.921658184151129,5.705664747218326,1.4786400386636507
FREP-286703-Z,R04_B1_all_valid_v1,B1_formal_pending_R04,R02_input_20260905,Eunice,1,False,False,0,model_fold0_G,all_valid,,OOF_date_group_diagnostic,log1p_C,0.6931471805599453,3.9912853427412265,10.877715336836518
FREP-286705-Z,R04_B1_all_valid_v1,B1_formal_pending_R04,R02_input_20260905,Eunice,1,False,False,0,model_fold0_G,all_valid,,OOF_date_group_diagnostic,log1p_C,3.9889840465642745,4.340470657321321,0.12354283754147533
FREP-286709-Z,R04_B1_all_valid_v1,B1_formal_pending_R04,R02_input_20260905,Eunice,1,False,False,0,model_fold0_G,all_valid,,OOF_date_group_diagnostic,log1p_C,6.035481432524756,4.824647321793306,1.4661192437108213
FREP-286715-Z,R04_B1_all_valid_v1,B1_formal_pending_R04,R02_input_20260905,Eunice,1,False,False,0,model_fold0_G,all_valid,,OOF_date_group_diagnostic,log1p_C,1.3862943611198906,3.0634568417600017,2.812873986466891
FREP-286721-Z,R04_B1_all_valid_v1,B1_formal_pending_R04,R02_input_20260905,Eunice,1,False,False,0,model_fold0_G,all_valid,,OOF_date_group_diagnostic,log1p_C,0.0,3.961698506700925,15.695055057996338
FREP-286724-Z,R04_B1_all_valid_v1,B1_formal_pending_R04,R02_input_20260905,Eunice,1,False,False,0,model_fold0_G,all_valid,,OOF_date_group_diagnostic,log1p_C,1.6094379124341003,4.355955204423612,7.5433572351974
FREP-286727-Z,R04_B1_all_valid_v1,B1_formal_pending_R04,R02_input_20260905,Eunice,1,False,False,0,model_fold0_G,all_valid,,OOF_date_group_diagnostic,log1p_C,2.0794415416798357,4.50093429197618,5.863627139737754
FREP-286728-Z,R04_B1_all_valid_v1,B1_formal_pending_R04,R02_input_20260905,Franklin,1,False,False,3,model_fold3_G,all_valid,,OOF_date_group_diagnostic,log1p_C,0.6931471805599453,2.8583901029537633,4.688276912976521
FREP-286731-Z,R04_B1_all_valid_v1,B1_formal_pending_R04,R02_input_20260905,Eunice,1,False,False,0,model_fold0_G,all_valid,,OOF_date_group_diagnostic,log1p_C,6.284134161070802,4.145884227079742,4.5721127802127715
FREP-286738-Z,R04_B1_all_valid_v1,B1_formal_pending_R04,R02_input_20260905,Eunice,1,False,False,0,model_fold0_G,all_valid,,OOF_date_group_diagnostic,log1p_C,5.560681631015528,4.82377643668589,0.5430292654300013
FREP-286743-Z,R04_B1_all_valid_v1,B1_formal_pending_R04,R02_input_20260905,Eunice,1,False,False,0,model_fold0_G,all_valid,,OOF_date_group_diagnostic,log1p_C,3.8501476017100584,5.673720758438349,3.3254190579399823
FREP-286745-Z,R04_B1_all_valid_v1,B1_formal_pending_R04,R02_input_20260905,Eunice,1,False,False,0,model_fold0_G,all_valid,,OOF_date_group_diagnostic,log1p_C,6.70073110954781,4.221873665560607,6.14473422761077
FREP-286748-Z,R04_B1_all_valid_v1,B1_formal_pending_R04,R02_input_20260905,Eunice,1,False,False,0,model_fold0_G,all_valid,,OOF_date_group_diagnostic,log1p_C,5.75890177387728,4.145884227079742,2.6018256062767477
FREP-286754-Z,R04_B1_all_valid_v1,B1_formal_pending_R04,R02_input_20260905,Eunice,1,False,False,0,model_fold0_G,all_valid,,OOF_date_group_diagnostic,log1p_C,5.455321115357702,5.705664747218326,0.06267193401316776
FREP-286759-Z,R04_B1_all_valid_v1,B1_formal_pending_R04,R02_input_20260905,Eunice,1,False,False,0,model_fold0_G,all_valid,,OOF_date_group_diagnostic,log1p_C,4.976733742420574,4.8862206515152415,0.008192619625237013
FREP-286760-Z,R04_B1_all_valid_v1,B1_formal_pending_R04,R02_input_20260905,Eunice,1,False,False,0,model_fold0_G,all_valid,,OOF_date_group_diagnostic,log1p_C,6.740519359606223,4.180476435940217,6.553819771012392
FREP-286761-Z,R04_B1_all_valid_v1,B1_formal_pending_R04,R02_input_20260905,Eunice,1,False,False,0,model_fold0_G,all_valid,,OOF_date_group_diagnostic,log1p_C,5.37989735354046,4.709455480549263,0.44949230505994425
FREP-286764-Z,R04_B1_all_valid_v1,B1_formal_pending_R04,R02_input_20260905,Eunice,1,False,False,0,model_fold0_G,all_valid,,OOF_date_group_diagnostic,log1p_C,5.598421958998375,4.824647321793306,0.5987271891818357
FREP-286766-Z,R04_B1_all_valid_v1,B1_formal_pending_R04,R02_input_20260905,Eunice,1,False,False,0,model_fold0_G,all_valid,,OOF_date_group_diagnostic,log1p_C,4.624972813284271,5.443297733089581,0.6696556743743681
FREP-286767-Z,R04_B1_all_valid_v1,B1_formal_pending_R04,R02_input_20260905,Eunice,1,False,False,0,model_fold0_G,all_valid,,OOF_date_group_diagnostic,log1p_C,1.791759469228055,3.7399759553815386,3.795547476920227
FREP-286768-Z,R04_B1_all_valid_v1,B1_formal_pending_R04,R02_input_20260905,Eunice,1,False,False,0,model_fold0_G,all_valid,,OOF_date_group_diagnostic,log1p_C,5.521460917862246,5.451300581160452,0.004922472846109103
FREP-286771-Z,R04_B1_all_valid_v1,B1_formal_pending_R04,R02_input_20260905,Eunice,1,False,False,0,model_fold0_G,all_valid,,OOF_date_group_diagnostic,log1p_C,4.852030263919617,3.806812241751005,1.0924807138660653
FREP-286777-Z,R04_B1_all_valid_v1,B1_formal_pending_R04,R02_input_20260905,Eunice,1,False,False,0,model_fold0_G,all_valid,,OOF_date_group_diagnostic,log1p_C,0.6931471805599453,4.0079353871946966,10.987820854844829
FREP-286780-Z,R04_B1_all_valid_v1,B1_formal_pending_R04,R02_input_20260905,Eunice,1,False,False,0,model_fold0_G,all_valid,,OOF_date_group_diagnostic,log1p_C,5.713732805509369,4.896533641437631,0.6678144737595474
FREP-286783-Z,R04_B1_all_valid_v1,B1_formal_pending_R04,R02_input_20260905,Eunice,1,False,False,0,model_fold0_G,all_valid,,OOF_date_group_diagnostic,log1p_C,6.171700597410915,4.165915405117723,4.023174237622635
FREP-286786-Z,R04_B1_all_valid_v1,B1_formal_pending_R04,R02_input_20260905,Eunice,1,False,False,0,model_fold0_G,all_valid,,OOF_date_group_diagnostic,log1p_C,5.332718793265369,4.875275003446095,0.20925482084421976
FREP-286787-Z,R04_B1_all_valid_v1,B1_formal_pending_R04,R02_input_20260905,Franklin,1,False,False,4,model_fold4_G,all_valid,,OOF_date_group_diagnostic,log1p_C,1.6094379124341003,3.0815235061106776,2.1670359951101212
FREP-286797-Z,R04_B1_all_valid_v1,B1_formal_pending_R04,R02_input_20260905,Eunice,1,False,False,0,model_fold0_G,all_valid,,OOF_date_group_diagnostic,log1p_C,5.983936280687191,4.6826449934449075,1.6933590142526787
FREP-286800-Z,R04_B1_all_valid_v1,B1_formal_pending_R04,R02_input_20260905,Eunice,1,False,False,0,model_fold0_G,all_valid,,OOF_date_group_diagnostic,log1p_C,5.683579767338681,4.988027125764174,0.48379347720127525
FREP-286805-Z,R04_B1_all_valid_v1,B1_formal_pending_R04,R02_input_20260905,Eunice,1,False,False,0,model_fold0_G,all_valid,,OOF_date_group_diagnostic,log1p_C,6.302618975744905,4.9009879181201015,1.9645696216984256
FREP-286810-Z,R04_B1_all_valid_v1,B1_formal_pending_R04,R02_input_20260905,Eunice,1,False,False,0,model_fold0_G,all_valid,,OOF_date_group_diagnostic,log1p_C,0.0,4.289771179912422,18.40213677600721
FREP-286811-Z,R04_B1_all_valid_v1,B1_formal_pending_R04,R02_input_20260905,Eunice,1,False,False,0,model_fold0_G,all_valid,,OOF_date_group_diagnostic,log1p_C,7.052721049232323,4.736254223179116,5.36601855620502
FREP-286813-Z,R04_B1_all_valid_v1,B1_formal_pending_R04,R02_input_20260905,Eunice;Franklin,2,False,False,1,model_fold1_G,all_valid,,OOF_date_group_diagnostic,log1p_C,2.0794415416798357,2.8865393909628665,0.6514069383172938
FREP-286821-Z,R04_B1_all_valid_v1,B1_formal_pending_R04,R02_input_20260905,Franklin,1,False,False,3,model_fold3_G,all_valid,,OOF_date_group_diagnostic,log1p_C,1.3862943611198906,2.881208364130028,2.234767876395793
FREP-286824-Z,R04_B1_all_valid_v1,B1_formal_pending_R04,R02_input_20260905,Eunice,1,False,False,0,model_fold0_G,all_valid,,OOF_date_group_diagnostic,log1p_C,0.6931471805599453,4.1785319709561115,12.147907137124927
FREP-286832-Z,R04_B1_all_valid_v1,B1_formal_pending_R04,R02_input_20260905,Eunice,1,False,False,0,model_fold0_G,all_valid,,OOF_date_group_diagnostic,log1p_C,7.341483852363161,4.557686245612743,7.749529115349354
FREP-286835-Z,R04_B1_all_valid_v1,B1_formal_pending_R04,R02_input_20260905,Eunice,1,False,False,0,model_fold0_G,all_valid,,OOF_date_group_diagnostic,log1p_C,5.780743515792329,4.824647321793306,0.9141199321794168
FREP-286842-Z,R04_B1_all_valid_v1,B1_formal_pending_R04,R02_input_20260905,Eunice,1,False,False,0,model_fold0_G,all_valid,,OOF_date_group_diagnostic,log1p_C,5.69035945432406,5.117374017463038,0.3283123108548163
FREP-286844-Z,R04_B1_all_valid_v1,B1_formal_pending_R04,R02_input_20260905,Eunice,1,False,False,0,model_fold0_G,all_valid,,OOF_date_group_diagnostic,log1p_C,6.835184586147301,3.8201378687167686,9.09050670828863
FREP-286845-Z,R04_B1_all_valid_v1,B1_formal_pending_R04,R02_input_20260905,Eunice,1,False,False,0,model_fold0_G,all_valid,,OOF_date_group_diagnostic,log1p_C,6.289715570908998,4.868587721684926,2.019604363840236
FREP-286848-Z,R04_B1_all_valid_v1,B1_formal_pending_R04,R02_input_20260905,Eunice,1,False,False,0,model_fold0_G,all_valid,,OOF_date_group_diagnostic,log1p_C,5.541263545158426,4.824647321793306,0.5135388115900867
FREP-286852-Z,R04_B1_all_valid_v1,B1_formal_pending_R04,R02_input_20260905,Eunice,1,False,False,0,model_fold0_G,all_valid,,OOF_date_group_diagnostic,log1p_C,6.467698726104354,5.566821927342468,0.811579006547464
FREP-286853-Z,R04_B1_all_valid_v1,B1_formal_pending_R04,R02_input_20260905,Eunice,1,False,False,0,model_fold0_G,all_valid,,OOF_date_group_diagnostic,log1p_C,5.384495062789089,4.184299408465971,1.440469608656098
FREP-286864-Z,R04_B1_all_valid_v1,B1_formal_pending_R04,R02_input_20260905,Eunice,1,False,False,0,model_fold0_G,all_valid,,OOF_date_group_diagnostic,log1p_C,5.220355825078324,4.348725238978863,0.7597398786240901
FREP-286865-Z,R04_B1_all_valid_v1,B1_formal_pending_R04,R02_input_20260905,Eunice,1,False,False,0,model_fold0_G,all_valid,,OOF_date_group_diagnostic,log1p_C,0.6931471805599453,4.29027317011097,12.939315384703436
FREP-286869-Z,R04_B1_all_valid_v1,B1_formal_pending_R04,R02_input_20260905,Franklin,1,False,False,3,model_fold3_G,all_valid,,OOF_date_group_diagnostic,log1p_C,0.0,3.467336469090706,12.022422189886402
FREP-286870-Z,R04_B1_all_valid_v1,B1_formal_pending_R04,R02_input_20260905,Eunice,1,False,False,0,model_fold0_G,all_valid,,OOF_date_group_diagnostic,log1p_C,2.772588722239781,2.6921520490805526,0.006470058388924556
FREP-286872-Z,R04_B1_all_valid_v1,B1_formal_pending_R04,R02_input_20260905,Eunice,1,False,False,0,model_fold0_G,all_valid,,OOF_date_group_diagnostic,log1p_C,5.267858159063328,4.1849988069247,1.1725843765140902
FREP-286874-Z,R04_B1_all_valid_v1,B1_formal_pending_R04,R02_input_20260905,Eunice,1,False,False,0,model_fold0_G,all_valid,,OOF_date_group_diagnostic,log1p_C,4.02535169073515,4.490545529277606,0.21640530741786473
FREP-286876-Z,R04_B1_all_valid_v1,B1_formal_pending_R04,R02_input_20260905,Eunice;Franklin,2,False,False,1,model_fold1_G,all_valid,,OOF_date_group_diagnostic,log1p_C,0.6931471805599453,2.744453487177581,4.207857563569285
FREP-286877-Z,R04_B1_all_valid_v1,B1_formal_pending_R04,R02_input_20260905,Eunice,1,False,False,0,model_fold0_G,all_valid,,OOF_date_group_diagnostic,log1p_C,2.1972245773362196,4.020310686805955,3.323642962541495
FREP-286882-Z,R04_B1_all_valid_v1,B1_formal_pending_R04,R02_input_20260905,Eunice,1,False,False,0,model_fold0_G,all_valid,,OOF_date_group_diagnostic,log1p_C,1.3862943611198906,3.8771100530066676,6.204162810949402
FREP-286883-Z,R04_B1_all_valid_v1,B1_formal_pending_R04,R02_input_20260905,Eunice,1,False,False,0,model_fold0_G,all_valid,,OOF_date_group_diagnostic,log1p_C,0.6931471805599453,5.151180691677068,19.874062786243258
FREP-286884-Z,R04_B1_all_valid_v1,B1_formal_pending_R04,R02_input_20260905,Eunice,1,False,False,0,model_fold0_G,all_valid,,OOF_date_group_diagnostic,log1p_C,3.4965075614664802,3.272878634694426,0.050009896889220855
FREP-286885-Z,R04_B1_all_valid_v1,B1_formal_pending_R04,R02_input_20260905,Eunice,1,False,False,0,model_fold0_G,all_valid,,OOF_date_group_diagnostic,log1p_C,7.783224016336037,5.117374017463038,7.10675621649117
FREP-286892-Z,R04_B1_all_valid_v1,B1_formal_pending_R04,R02_input_20260905,Eunice,1,False,False,0,model_fold0_G,all_valid,,OOF_date_group_diagnostic,log1p_C,0.6931471805599453,4.815733790645918,16.995720357660154
FREP-286893-Z,R04_B1_all_valid_v1,B1_formal_pending_R04,R02_input_20260905,Eunice,1,False,False,0,model_fold0_G,all_valid,,OOF_date_group_diagnostic,log1p_C,4.418840607796598,4.27567614716819,0.020496062787022963
FREP-286895-Z,R04_B1_all_valid_v1,B1_formal_pending_R04,R02_input_20260905,Eunice,1,False,False,0,model_fold0_G,all_valid,,OOF_date_group_diagnostic,log1p_C,2.3978952727983707,4.29027317011097,3.581094106237254
FREP-286896-Z,R04_B1_all_valid_v1,B1_formal_pending_R04,R02_input_20260905,Eunice,1,False,False,0,model_fold0_G,all_valid,,OOF_date_group_diagnostic,log1p_C,0.6931471805599453,5.483612178382397,22.948554895362058
FREP-286904-Z,R04_B1_all_valid_v1,B1_formal_pending_R04,R02_input_20260905,Eunice,1,False,False,0,model_fold0_G,all_valid,,OOF_date_group_diagnostic,log1p_C,0.6931471805599453,5.529298520648345,23.38835978423882
FREP-286906-Z,R04_B1_all_valid_v1,B1_formal_pending_R04,R02_input_20260905,Eunice;Franklin,2,False,False,1,model_fold1_G,all_valid,,OOF_date_group_diagnostic,log1p_C,1.3862943611198906,2.5414333972308043,1.3343461927472509
FREP-286907-Z,R04_B1_all_valid_v1,B1_formal_pending_R04,R02_input_20260905,Eunice,1,False,False,0,model_fold0_G,all_valid,,OOF_date_group_diagnostic,log1p_C,3.713572066704308,4.224437531647691,0.2609835232718191
FREP-286910-Z,R04_B1_all_valid_v1,B1_formal_pending_R04,R02_input_20260905,Eunice,1,False,False,0,model_fold0_G,all_valid,,OOF_date_group_diagnostic,log1p_C,5.924255797414532,4.440182405962281,2.2024738312165875
FREP-286915-Z,R04_B1_all_valid_v1,B1_formal_pending_R04,R02_input_20260905,Eunice,1,False,False,0,model_fold0_G,all_valid,,OOF_date_group_diagnostic,log1p_C,6.841615476477592,4.200286236297487,6.97662015503041
FREP-286916-Z,R04_B1_all_valid_v1,B1_formal_pending_R04,R02_input_20260905,Eunice,1,False,False,0,model_fold0_G,all_valid,,OOF_date_group_diagnostic,log1p_C,6.673297967767654,4.119375060643744,6.522522215532245
FREP-286918-Z,R04_B1_all_valid_v1,B1_formal_pending_R04,R02_input_20260905,Eunice,1,False,False,0,model_fold0_G,all_valid,,OOF_date_group_diagnostic,log1p_C,4.663439094112067,4.761710684003092,0.009657305379709878
FREP-286920-Z,R04_B1_all_valid_v1,B1_formal_pending_R04,R02_input_20260905,Franklin,1,False,False,4,model_fold4_G,all_valid,,OOF_date_group_diagnostic,log1p_C,1.791759469228055,3.0324639791639405,1.539347680975246
FREP-286925-Z,R04_B1_all_valid_v1,B1_formal_pending_R04,R02_input_20260905,Eunice,1,False,False,0,model_fold0_G,all_valid,,OOF_date_group_diagnostic,log1p_C,3.713572066704308,4.031020077754014,0.10077323971941411
FREP-286926-Z,R04_B1_all_valid_v1,B1_formal_pending_R04,R02_input_20260905,Eunice,1,False,False,0,model_fold0_G,all_valid,,OOF_date_group_diagnostic,log1p_C,5.476463551931511,4.97448112635008,0.2519863555926173
FREP-286928-Z,R04_B1_all_valid_v1,B1_formal_pending_R04,R02_input_20260905,Eunice,1,False,False,0,model_fold0_G,all_valid,,OOF_date_group_diagnostic,log1p_C,6.645090969505644,4.978514962423649,2.7774755873813675
FREP-286931-Z,R04_B1_all_valid_v1,B1_formal_pending_R04,R02_input_20260905,Eunice,1,False,False,0,model_fold0_G,all_valid,,OOF_date_group_diagnostic,log1p_C,6.54534966033442,4.312602242677847,4.985161031052096
FREP-286936-Z,R04_B1_all_valid_v1,B1_formal_pending_R04,R02_input_20260905,Eunice,1,False,False,0,model_fold0_G,all_valid,,OOF_date_group_diagnostic,log1p_C,6.263398262591624,4.955487665772722,1.7106301292711752
FREP-286938-Z,R04_B1_all_valid_v1,B1_formal_pending_R04,R02_input_20260905,Eunice,1,False,False,0,model_fold0_G,all_valid,,OOF_date_group_diagnostic,log1p_C,3.044522437723423,5.38658039975578,5.485235497519157
FREP-286941-Z,R04_B1_all_valid_v1,B1_formal_pending_R04,R02_input_20260905,Eunice,1,False,False,0,model_fold0_G,all_valid,,OOF_date_group_diagnostic,log1p_C,5.58724865840025,4.3100412255732286,1.6312588264685897
FREP-286943-Z,R04_B1_all_valid_v1,B1_formal_pending_R04,R02_input_20260905,Eunice,1,False,False,0,model_fold0_G,all_valid,,OOF_date_group_diagnostic,log1p_C,5.723585101952381,3.9890035051178465,3.0087733160770425
FREP-286944-Z,R04_B1_all_valid_v1,B1_formal_pending_R04,R02_input_20260905,Eunice,1,False,False,0,model_fold0_G,all_valid,,OOF_date_group_diagnostic,log1p_C,7.103322062526113,4.525605610942415,6.644622104765247
FREP-286948-Z,R04_B1_all_valid_v1,B1_formal_pending_R04,R02_input_20260905,Eunice,1,False,False,0,model_fold0_G,all_valid,,OOF_date_group_diagnostic,log1p_C,6.333279628139691,4.187459702008676,4.604543155380914
FREP-286950-Z,R04_B1_all_valid_v1,B1_formal_pending_R04,R02_input_20260905,Eunice,1,False,False,0,model_fold0_G,all_valid,,OOF_date_group_diagnostic,log1p_C,6.62273632394984,4.04513992071618,6.644003217963103
FREP-286951-Z,R04_B1_all_valid_v1,B1_formal_pending_R04,R02_input_20260905,Eunice,1,False,False,0,model_fold0_G,all_valid,,OOF_date_group_diagnostic,log1p_C,6.502790045915623,4.066318543020686,5.936393384419114
FREP-286955-Z,R04_B1_all_valid_v1,B1_formal_pending_R04,R02_input_20260905,Eunice,1,False,False,0,model_fold0_G,all_valid,,OOF_date_group_diagnostic,log1p_C,5.726847747587197,4.454219120083974,1.6195836235407366
FREP-286957-Z,R04_B1_all_valid_v1,B1_formal_pending_R04,R02_input_20260905,Eunice,1,False,False,0,model_fold0_G,all_valid,,OOF_date_group_diagnostic,log1p_C,6.272877006546167,3.8599515450005875,5.82220928297495
FREP-286959-Z,R04_B1_all_valid_v1,B1_formal_pending_R04,R02_input_20260905,Eunice,1,False,False,0,model_fold0_G,all_valid,,OOF_date_group_diagnostic,log1p_C,0.6931471805599453,4.246502213994384,12.626331993633864
FREP-286960-Z,R04_B1_all_valid_v1,B1_formal_pending_R04,R02_input_20260905,Eunice,1,False,False,0,model_fold0_G,all_valid,,OOF_date_group_diagnostic,log1p_C,2.772588722239781,4.008270130865671,1.5269085436236627
FREP-286963-Z,R04_B1_all_valid_v1,B1_formal_pending_R04,R02_input_20260905,Eunice,1,False,False,0,model_fold0_G,all_valid,,OOF_date_group_diagnostic,log1p_C,5.560681631015528,5.533175814050305,0.0007565699669243082
FREP-286975-Z,R04_B1_all_valid_v1,B1_formal_pending_R04,R02_input_20260905,Eunice,1,False,False,0,model_fold0_G,all_valid,,OOF_date_group_diagnostic,log1p_C,0.0,4.732185803715364,22.393582480885225
FREP-286978-Z,R04_B1_all_valid_v1,B1_formal_pending_R04,R02_input_20260905,Eunice,1,False,False,0,model_fold0_G,all_valid,,OOF_date_group_diagnostic,log1p_C,0.6931471805599453,5.299449058738288,21.218016992909327
FREP-286981-Z,R04_B1_all_valid_v1,B1_formal_pending_R04,R02_input_20260905,Eunice,1,False,False,0,model_fold0_G,all_valid,,OOF_date_group_diagnostic,log1p_C,3.295836866004329,3.884872885623425,0.3469634324087078
FREP-286983-Z,R04_B1_all_valid_v1,B1_formal_pending_R04,R02_input_20260905,Eunice,1,False,False,0,model_fold0_G,all_valid,,OOF_date_group_diagnostic,log1p_C,5.402677381872279,4.246502213994384,1.3367410188174784
FREP-286984-Z,R04_B1_all_valid_v1,B1_formal_pending_R04,R02_input_20260905,Eunice,1,False,False,0,model_fold0_G,all_valid,,OOF_date_group_diagnostic,log1p_C,2.3978952727983707,2.7135382764034865,0.0996305057248592
FREP-286987-Z,R04_B1_all_valid_v1,B1_formal_pending_R04,R02_input_20260905,Eunice,1,False,False,0,model_fold0_G,all_valid,,OOF_date_group_diagnostic,log1p_C,1.9459101490553132,2.6614995671393737,0.5120682152738844
FREP-286993-Z,R04_B1_all_valid_v1,B1_formal_pending_R04,R02_input_20260905,Eunice,1,False,False,0,model_fold0_G,all_valid,,OOF_date_group_diagnostic,log1p_C,7.208600337960199,4.87224263316297,5.458567324765376
FREP-287005-Z,R04_B1_all_valid_v1,B1_formal_pending_R04,R02_input_20260905,Eunice,1,False,False,0,model_fold0_G,all_valid,,OOF_date_group_diagnostic,log1p_C,6.2766434893416445,4.17873124651736,4.401235778592018
FREP-287010-Z,R04_B1_all_valid_v1,B1_formal_pending_R04,R02_input_20260905,Eunice,1,False,False,0,model_fold0_G,all_valid,,OOF_date_group_diagnostic,log1p_C,0.0,4.2088117239311265,17.7140961275001
FREP-287011-Z,R04_B1_all_valid_v1,B1_formal_pending_R04,R02_input_20260905,Eunice,1,False,False,0,model_fold0_G,all_valid,,OOF_date_group_diagnostic,log1p_C,2.0794415416798357,2.9926737219385835,0.8339930150601459
FREP-287018-Z,R04_B1_all_valid_v1,B1_formal_pending_R04,R02_input_20260905,Eunice,1,False,False,0,model_fold0_G,all_valid,,OOF_date_group_diagnostic,log1p_C,5.8916442118257715,4.429470952942545,2.1379506389931957
FREP-287021-Z,R04_B1_all_valid_v1,B1_formal_pending_R04,R02_input_20260905,Eunice,1,False,False,0,model_fold0_G,all_valid,,OOF_date_group_diagnostic,log1p_C,6.656726524178391,4.323984722135875,5.441684314996566
FREP-287023-Z,R04_B1_all_valid_v1,B1_formal_pending_R04,R02_input_20260905,Eunice,1,False,False,0,model_fold0_G,all_valid,,OOF_date_group_diagnostic,log1p_C,1.791759469228055,3.926739146084254,4.558138220589
FREP-287029-Z,R04_B1_all_valid_v1,B1_formal_pending_R04,R02_input_20260905,Eunice,1,False,False,0,model_fold0_G,all_valid,,OOF_date_group_diagnostic,log1p_C,6.413458957167357,4.406422073850047,4.028197050996062
FREP-287035-Z,R04_B1_all_valid_v1,B1_formal_pending_R04,R02_input_20260905,Eunice,1,False,False,0,model_fold0_G,all_valid,,OOF_date_group_diagnostic,log1p_C,5.25227342804663,4.383034741684292,0.7555758938689227
FREP-287040-Z,R04_B1_all_valid_v1,B1_formal_pending_R04,R02_input_20260905,Eunice,1,False,False,0,model_fold0_G,all_valid,,OOF_date_group_diagnostic,log1p_C,5.37989735354046,3.9111917757803076,2.1570960741437823
FREP-287041-Z,R04_B1_all_valid_v1,B1_formal_pending_R04,R02_input_20260905,Eunice,1,False,False,0,model_fold0_G,all_valid,,OOF_date_group_diagnostic,log1p_C,0.0,4.068819506835755,16.555292179207157
FREP-287043-Z,R04_B1_all_valid_v1,B1_formal_pending_R04,R02_input_20260905,Eunice,1,False,False,0,model_fold0_G,all_valid,,OOF_date_group_diagnostic,log1p_C,6.651571873589727,4.253582117928467,5.750354868256352
FREP-287046-Z,R04_B1_all_valid_v1,B1_formal_pending_R04,R02_input_20260905,Eunice,1,False,False,0,model_fold0_G,all_valid,,OOF_date_group_diagnostic,log1p_C,7.554858521040676,4.104645332604349,11.903971045659963
FREP-287048-Z,R04_B1_all_valid_v1,B1_formal_pending_R04,R02_input_20260905,Eunice,1,False,False,0,model_fold0_G,all_valid,,OOF_date_group_diagnostic,log1p_C,6.331501849893691,3.81574555825591,6.329029718915078
FREP-287051-Z,R04_B1_all_valid_v1,B1_formal_pending_R04,R02_input_20260905,Eunice,1,False,False,0,model_fold0_G,all_valid,,OOF_date_group_diagnostic,log1p_C,1.9459101490553132,3.8142583257217284,3.490724909252718
FREP-287052-Z,R04_B1_all_valid_v1,B1_formal_pending_R04,R02_input_20260905,Eunice,1,False,False,0,model_fold0_G,all_valid,,OOF_date_group_diagnostic,log1p_C,6.79794041297493,4.856931881044679,3.767514121026028
FREP-287053-Z,R04_B1_all_valid_v1,B1_formal_pending_R04,R02_input_20260905,Eunice,1,False,False,0,model_fold0_G,all_valid,,OOF_date_group_diagnostic,log1p_C,1.0986122886681098,4.052403595075807,8.724883081809692
FREP-287055-Z,R04_B1_all_valid_v1,B1_formal_pending_R04,R02_input_20260905,Eunice,1,False,False,0,model_fold0_G,all_valid,,OOF_date_group_diagnostic,log1p_C,7.984462732262196,3.3146713600215834,21.806951460252872
FREP-287056-Z,R04_B1_all_valid_v1,B1_formal_pending_R04,R02_input_20260905,Eunice,1,False,False,0,model_fold0_G,all_valid,,OOF_date_group_diagnostic,log1p_C,2.995732273553991,5.705664747218326,7.343734011820502
FREP-287057-Z,R04_B1_all_valid_v1,B1_formal_pending_R04,R02_input_20260905,Eunice,1,False,False,0,model_fold0_G,all_valid,,OOF_date_group_diagnostic,log1p_C,1.0986122886681098,3.624186683662729,6.378526024652436
FREP-287058-Z,R04_B1_all_valid_v1,B1_formal_pending_R04,R02_input_20260905,Eunice,1,False,False,0,model_fold0_G,all_valid,,OOF_date_group_diagnostic,log1p_C,3.970291913552122,3.9344643959983556,0.0012836110140654353
FREP-287063-Z,R04_B1_all_valid_v1,B1_formal_pending_R04,R02_input_20260905,Eunice,1,False,False,0,model_fold0_G,all_valid,,OOF_date_group_diagnostic,log1p_C,0.6931471805599453,4.719369369848859,16.21046511752241
FREP-287066-Z,R04_B1_all_valid_v1,B1_formal_pending_R04,R02_input_20260905,Franklin,1,False,False,3,model_fold3_G,all_valid,,OOF_date_group_diagnostic,log1p_C,3.5553480614894135,2.7477174102818807,0.6522672687699036
FREP-287070-Z,R04_B1_all_valid_v1,B1_formal_pending_R04,R02_input_20260905,Eunice,1,False,False,0,model_fold0_G,all_valid,,OOF_date_group_diagnostic,log1p_C,0.6931471805599453,4.465999957501957,14.234418076479047
FREP-287081-Z,R04_B1_all_valid_v1,B1_formal_pending_R04,R02_input_20260905,Eunice;Franklin,2,False,False,1,model_fold1_G,all_valid,,OOF_date_group_diagnostic,log1p_C,2.70805020110221,2.1983992807165,0.25974406065000133
FREP-287085-Z,R04_B1_all_valid_v1,B1_formal_pending_R04,R02_input_20260905,Eunice,1,False,False,0,model_fold0_G,all_valid,,OOF_date_group_diagnostic,log1p_C,0.0,3.458357320500827,11.960235356261661
FREP-287086-Z,R04_B1_all_valid_v1,B1_formal_pending_R04,R02_input_20260905,Franklin,1,False,False,4,model_fold4_G,all_valid,,OOF_date_group_diagnostic,log1p_C,1.0986122886681098,2.8026188641707797,2.9036384093563363
FREP-287091-Z,R04_B1_all_valid_v1,B1_formal_pending_R04,R02_input_20260905,Eunice,1,False,False,0,model_fold0_G,all_valid,,OOF_date_group_diagnostic,log1p_C,5.746203190540153,4.052403595075807,2.868957069595181
FREP-287094-Z,R04_B1_all_valid_v1,B1_formal_pending_R04,R02_input_20260905,Franklin,1,False,False,3,model_fold3_G,all_valid,,OOF_date_group_diagnostic,log1p_C,1.3862943611198906,3.4992835239040114,4.464723202043141
FREP-287096-Z,R04_B1_all_valid_v1,B1_formal_pending_R04,R02_input_20260905,Eunice,1,False,False,0,model_fold0_G,all_valid,,OOF_date_group_diagnostic,log1p_C,1.0986122886681098,3.4918365622150933,5.727522423494486
FREP-287110-Z,R04_B1_all_valid_v1,B1_formal_pending_R04,R02_input_20260905,Eunice,1,False,False,0,model_fold0_G,all_valid,,OOF_date_group_diagnostic,log1p_C,1.0986122886681098,3.806812241751005,7.334346985878194
FREP-287112-Z,R04_B1_all_valid_v1,B1_formal_pending_R04,R02_input_20260905,Eunice,1,False,False,0,model_fold0_G,all_valid,,OOF_date_group_diagnostic,log1p_C,0.6931471805599453,5.451436825457396,22.641320344738308
FREP-287113-Z,R04_B1_all_valid_v1,B1_formal_pending_R04,R02_input_20260905,Eunice,1,False,False,0,model_fold0_G,all_valid,,OOF_date_group_diagnostic,log1p_C,2.833213344056216,2.953799700131501,0.014541069271515345
FREP-287115-Z,R04_B1_all_valid_v1,B1_formal_pending_R04,R02_input_20260905,Eunice,1,False,False,0,model_fold0_G,all_valid,,OOF_date_group_diagnostic,log1p_C,1.3862943611198906,4.289771179912422,8.430177637265595
FREP-287119-Z,R04_B1_all_valid_v1,B1_formal_pending_R04,R02_input_20260905,Eunice,1,False,False,0,model_fold0_G,all_valid,,OOF_date_group_diagnostic,log1p_C,6.113682179832232,3.662908986775296,6.006289243806488
FREP-287122-Z,R04_B1_all_valid_v1,B1_formal_pending_R04,R02_input_20260905,Eunice,1,False,False,0,model_fold0_G,all_valid,,OOF_date_group_diagnostic,log1p_C,5.831882477283517,2.8619699966424657,8.820380142667483
FREP-287127-Z,R04_B1_all_valid_v1,B1_formal_pending_R04,R02_input_20260905,Eunice,1,False,False,0,model_fold0_G,all_valid,,OOF_date_group_diagnostic,log1p_C,6.643789733147672,5.451436825457396,1.4217054564774567
FREP-287130-Z,R04_B1_all_valid_v1,B1_formal_pending_R04,R02_input_20260905,Eunice,1,False,False,0,model_fold0_G,all_valid,,OOF_date_group_diagnostic,log1p_C,2.4849066497880004,4.355955204423612,3.5008226938040115
FREP-287131-Z,R04_B1_all_valid_v1,B1_formal_pending_R04,R02_input_20260905,Eunice,1,False,False,0,model_fold0_G,all_valid,,OOF_date_group_diagnostic,log1p_C,6.680854678790215,4.183432195818651,6.237119058451854
FREP-287132-Z,R04_B1_all_valid_v1,B1_formal_pending_R04,R02_input_20260905,Eunice,1,False,False,0,model_fold0_G,all_valid,,OOF_date_group_diagnostic,log1p_C,4.762173934797756,3.7433051119896756,1.038093678090324
FREP-287137-Z,R04_B1_all_valid_v1,B1_formal_pending_R04,R02_input_20260905,Eunice,1,False,False,0,model_fold0_G,all_valid,,OOF_date_group_diagnostic,log1p_C,2.0794415416798357,3.3536643589023303,1.6236437879304306
FREP-287138-Z,R04_B1_all_valid_v1,B1_formal_pending_R04,R02_input_20260905,Eunice,1,False,False,0,model_fold0_G,all_valid,,OOF_date_group_diagnostic,log1p_C,5.272999558563747,3.4534136271037896,3.310892961967
FREP-287141-Z,R04_B1_all_valid_v1,B1_formal_pending_R04,R02_input_20260905,Eunice,1,False,False,0,model_fold0_G,all_valid,,OOF_date_group_diagnostic,log1p_C,5.062595033026967,3.4243924083189397,2.6837078396002694
FREP-287142-Z,R04_B1_all_valid_v1,B1_formal_pending_R04,R02_input_20260905,Eunice,1,False,False,0,model_fold0_G,all_valid,,OOF_date_group_diagnostic,log1p_C,6.851184927493743,3.1696766733045916,13.553503025662854
FREP-287143-Z,R04_B1_all_valid_v1,B1_formal_pending_R04,R02_input_20260905,Eunice,1,False,False,0,model_fold0_G,all_valid,,OOF_date_group_diagnostic,log1p_C,3.6888794541139363,2.983112377988696,0.4981071657423705
FREP-287145-Z,R04_B1_all_valid_v1,B1_formal_pending_R04,R02_input_20260905,Eunice;Franklin,2,False,False,1,model_fold1_G,all_valid,,OOF_date_group_diagnostic,log1p_C,2.8903717578961645,2.6181119043482637,0.07412542785392441
FREP-287147-Z,R04_B1_all_valid_v1,B1_formal_pending_R04,R02_input_20260905,Eunice,1,False,False,0,model_fold0_G,all_valid,,OOF_date_group_diagnostic,log1p_C,1.0986122886681098,3.0266913726495726,3.7174889540867966
FREP-287152-Z,R04_B1_all_valid_v1,B1_formal_pending_R04,R02_input_20260905,Eunice,1,False,False,0,model_fold0_G,all_valid,,OOF_date_group_diagnostic,log1p_C,7.301147805856032,3.9920590874822333,10.95006814606875
FREP-287153-Z,R04_B1_all_valid_v1,B1_formal_pending_R04,R02_input_20260905,Franklin,1,False,False,3,model_fold3_G,all_valid,,OOF_date_group_diagnostic,log1p_C,1.0986122886681098,3.255056392026036,4.65025117090717
FREP-287158-Z,R04_B1_all_valid_v1,B1_formal_pending_R04,R02_input_20260905,Franklin,1,False,False,3,model_fold3_G,all_valid,,OOF_date_group_diagnostic,log1p_C,2.3978952727983707,3.3558592440626964,0.9176949702405179
FREP-287165-Z,R04_B1_all_valid_v1,B1_formal_pending_R04,R02_input_20260905,Eunice,1,False,False,0,model_fold0_G,all_valid,,OOF_date_group_diagnostic,log1p_C,0.6931471805599453,3.9344643959983556,10.50613729109741
FREP-287166-Z,R04_B1_all_valid_v1,B1_formal_pending_R04,R02_input_20260905,Eunice,1,False,False,0,model_fold0_G,all_valid,,OOF_date_group_diagnostic,log1p_C,2.833213344056216,3.751339762962787,0.8429561210942038
FREP-287167-Z,R04_B1_all_valid_v1,B1_formal_pending_R04,R02_input_20260905,Eunice,1,False,False,0,model_fold0_G,all_valid,,OOF_date_group_diagnostic,log1p_C,1.0986122886681098,2.794141942294606,2.8748208063267864
FREP-287168-Z,R04_B1_all_valid_v1,B1_formal_pending_R04,R02_input_20260905,Franklin,1,False,False,4,model_fold4_G,all_valid,,OOF_date_group_diagnostic,log1p_C,1.791759469228055,2.9663550898552744,1.3796748719966427
FREP-287173-Z,R04_B1_all_valid_v1,B1_formal_pending_R04,R02_input_20260905,Eunice,1,False,False,0,model_fold0_G,all_valid,,OOF_date_group_diagnostic,log1p_C,1.0986122886681098,2.65258738660485,2.414838605007501
FREP-287174-Z,R04_B1_all_valid_v1,B1_formal_pending_R04,R02_input_20260905,Eunice;Franklin,2,False,False,1,model_fold1_G,all_valid,,OOF_date_group_diagnostic,log1p_C,1.0986122886681098,2.8047868674467447,2.911031693270452
FREP-287176-Z,R04_B1_all_valid_v1,B1_formal_pending_R04,R02_input_20260905,Eunice,1,False,False,0,model_fold0_G,all_valid,,OOF_date_group_diagnostic,log1p_C,3.295836866004329,4.868587721684926,2.473545254044049
FREP-287181-Z,R04_B1_all_valid_v1,B1_formal_pending_R04,R02_input_20260905,Eunice,1,False,False,0,model_fold0_G,all_valid,,OOF_date_group_diagnostic,log1p_C,5.802118375377063,3.4078205112065434,5.7326622623715116
FREP-287193-Z,R04_B1_all_valid_v1,B1_formal_pending_R04,R02_input_20260905,Eunice,1,False,False,0,model_fold0_G,all_valid,,OOF_date_group_diagnostic,log1p_C,3.4339872044851463,5.529298520648345,4.390329511641555
FREP-287196-Z,R04_B1_all_valid_v1,B1_formal_pending_R04,R02_input_20260905,Eunice,1,False,False,0,model_fold0_G,all_valid,,OOF_date_group_diagnostic,log1p_C,6.129050210060545,4.922900916709884,1.4547961178502988
FREP-287202-Z,R04_B1_all_valid_v1,B1_formal_pending_R04,R02_input_20260905,Franklin,1,False,False,3,model_fold3_G,all_valid,,OOF_date_group_diagnostic,log1p_C,2.9444389791664403,2.6343818557289205,0.09613541979434938
FREP-287204-Z,R04_B1_all_valid_v1,B1_formal_pending_R04,R02_input_20260905,Eunice,1,False,False,0,model_fold0_G,all_valid,,OOF_date_group_diagnostic,log1p_C,2.1972245773362196,2.810170854166551,0.37570313828016544
FREP-287208-Z,R04_B1_all_valid_v1,B1_formal_pending_R04,R02_input_20260905,Eunice,1,False,False,0,model_fold0_G,all_valid,,OOF_date_group_diagnostic,log1p_C,2.772588722239781,3.554025612965283,0.6106436141867402
FREP-287213-Z,R04_B1_all_valid_v1,B1_formal_pending_R04,R02_input_20260905,Eunice;Franklin,2,False,False,1,model_fold1_G,all_valid,,OOF_date_group_diagnostic,log1p_C,1.3862943611198906,2.7289045575917372,1.8026021396701706
FREP-287218-Z,R04_B1_all_valid_v1,B1_formal_pending_R04,R02_input_20260905,Eunice;Franklin,2,False,False,1,model_fold1_G,all_valid,,OOF_date_group_diagnostic,log1p_C,5.958424693029782,2.7437187894007775,10.334334046827173
FREP-287224-Z,R04_B1_all_valid_v1,B1_formal_pending_R04,R02_input_20260905,Eunice,1,False,False,0,model_fold0_G,all_valid,,OOF_date_group_diagnostic,log1p_C,0.6931471805599453,4.037433440737134,11.184250590009926
FREP-287228-Z,R04_B1_all_valid_v1,B1_formal_pending_R04,R02_input_20260905,Franklin,1,False,False,3,model_fold3_G,all_valid,,OOF_date_group_diagnostic,log1p_C,0.6931471805599453,3.0810621584832476,5.702137941790445
FREP-287233-Z,R04_B1_all_valid_v1,B1_formal_pending_R04,R02_input_20260905,Eunice,1,False,False,0,model_fold0_G,all_valid,,OOF_date_group_diagnostic,log1p_C,1.791759469228055,3.120471186286014,1.7654748270471097
FREP-287241-Z,R04_B1_all_valid_v1,B1_formal_pending_R04,R02_input_20260905,Eunice,1,False,False,0,model_fold0_G,all_valid,,OOF_date_group_diagnostic,log1p_C,2.4849066497880004,3.194318153537739,0.5032646816524654
FREP-287242-Z,R04_B1_all_valid_v1,B1_formal_pending_R04,R02_input_20260905,Eunice,1,False,False,0,model_fold0_G,all_valid,,OOF_date_group_diagnostic,log1p_C,1.6094379124341003,3.7382507318980718,4.531844020314143
FREP-287245-Z,R04_B1_all_valid_v1,B1_formal_pending_R04,R02_input_20260905,Franklin,1,False,False,4,model_fold4_G,all_valid,,OOF_date_group_diagnostic,log1p_C,1.9459101490553132,3.0303148356314344,1.1759335242682556
FREP-287248-Z,R04_B1_all_valid_v1,B1_formal_pending_R04,R02_input_20260905,Eunice,1,False,False,0,model_fold0_G,all_valid,,OOF_date_group_diagnostic,log1p_C,7.220373836723949,4.252811644628095,8.80642536395675
FREP-287253-Z,R04_B1_all_valid_v1,B1_formal_pending_R04,R02_input_20260905,Eunice,1,False,False,0,model_fold0_G,all_valid,,OOF_date_group_diagnostic,log1p_C,3.4011973816621555,3.9060116789353927,0.25483747473147234
FREP-287254-Z,R04_B1_all_valid_v1,B1_formal_pending_R04,R02_input_20260905,Franklin,1,False,False,3,model_fold3_G,all_valid,,OOF_date_group_diagnostic,log1p_C,0.6931471805599453,3.2232847148335986,6.401595942340362
FREP-287257-Z,R04_B1_all_valid_v1,B1_formal_pending_R04,R02_input_20260905,Franklin,1,False,False,3,model_fold3_G,all_valid,,OOF_date_group_diagnostic,log1p_C,3.828641396489095,3.6667088207040783,0.02622215910037019
FREP-287261-Z,R04_B1_all_valid_v1,B1_formal_pending_R04,R02_input_20260905,Eunice,1,False,False,0,model_fold0_G,all_valid,,OOF_date_group_diagnostic,log1p_C,3.2188758248682006,5.529298520648345,5.338053033175989
FREP-287263-Z,R04_B1_all_valid_v1,B1_formal_pending_R04,R02_input_20260905,Eunice,1,False,False,0,model_fold0_G,all_valid,,OOF_date_group_diagnostic,log1p_C,2.3978952727983707,4.759532324899076,5.5773295658549085
FREP-287264-Z,R04_B1_all_valid_v1,B1_formal_pending_R04,R02_input_20260905,Eunice,1,False,False,0,model_fold0_G,all_valid,,OOF_date_group_diagnostic,log1p_C,0.6931471805599453,4.137177304983408,11.86134349793629
FREP-287268-Z,R04_B1_all_valid_v1,B1_formal_pending_R04,R02_input_20260905,Eunice,1,False,False,0,model_fold0_G,all_valid,,OOF_date_group_diagnostic,log1p_C,3.9512437185814275,3.816405347968634,0.018181386189513076
FREP-287270-Z,R04_B1_all_valid_v1,B1_formal_pending_R04,R02_input_20260905,Eunice,1,False,False,0,model_fold0_G,all_valid,,OOF_date_group_diagnostic,log1p_C,0.6931471805599453,3.2729520212077023,6.655393015829598
FREP-287271-Z,R04_B1_all_valid_v1,B1_formal_pending_R04,R02_input_20260905,Eunice,1,False,False,0,model_fold0_G,all_valid,,OOF_date_group_diagnostic,log1p_C,2.302585092994046,3.1620198965077426,0.7386281814906265
FREP-287276-Z,R04_B1_all_valid_v1,B1_formal_pending_R04,R02_input_20260905,Eunice,1,False,False,0,model_fold0_G,all_valid,,OOF_date_group_diagnostic,log1p_C,0.6931471805599453,2.8155557107957194,4.504617969217579
FREP-287277-Z,R04_B1_all_valid_v1,B1_formal_pending_R04,R02_input_20260905,Eunice,1,False,False,0,model_fold0_G,all_valid,,OOF_date_group_diagnostic,log1p_C,1.0986122886681098,2.6585727925599665,2.4334767737025356
FREP-287278-Z,R04_B1_all_valid_v1,B1_formal_pending_R04,R02_input_20260905,Eunice,1,False,False,0,model_fold0_G,all_valid,,OOF_date_group_diagnostic,log1p_C,3.4657359027997265,2.654283117590589,0.6584556226236664
FREP-287279-Z,R04_B1_all_valid_v1,B1_formal_pending_R04,R02_input_20260905,Eunice;Franklin,2,False,False,1,model_fold1_G,all_valid,,OOF_date_group_diagnostic,log1p_C,0.6931471805599453,2.808824406139043,4.4760901228340675
FREP-287286-Z,R04_B1_all_valid_v1,B1_formal_pending_R04,R02_input_20260905,Eunice;Franklin,2,False,False,1,model_fold1_G,all_valid,,OOF_date_group_diagnostic,log1p_C,1.0986122886681098,2.636020052575249,2.3636226325219494
FREP-287288-Z,R04_B1_all_valid_v1,B1_formal_pending_R04,R02_input_20260905,Eunice,1,False,False,0,model_fold0_G,all_valid,,OOF_date_group_diagnostic,log1p_C,1.3862943611198906,3.4063294183137067,4.080541632292023
FREP-287306-Z,R04_B1_all_valid_v1,B1_formal_pending_R04,R02_input_20260905,Eunice,1,False,False,0,model_fold0_G,all_valid,,OOF_date_group_diagnostic,log1p_C,3.295836866004329,2.5916152469000036,0.4959280888139178
FREP-287317-Z,R04_B1_all_valid_v1,B1_formal_pending_R04,R02_input_20260905,Franklin,1,False,False,3,model_fold3_G,all_valid,,OOF_date_group_diagnostic,log1p_C,0.6931471805599453,2.874599504865385,4.758734243217605
FREP-287323-Z,R04_B1_all_valid_v1,B1_formal_pending_R04,R02_input_20260905,Eunice,1,False,False,0,model_fold0_G,all_valid,,OOF_date_group_diagnostic,log1p_C,1.9459101490553132,4.273566347349623,5.417983377457916
FREP-287331-Z,R04_B1_all_valid_v1,B1_formal_pending_R04,R02_input_20260905,Franklin,1,False,False,3,model_fold3_G,all_valid,,OOF_date_group_diagnostic,log1p_C,3.5553480614894135,3.2708551827634147,0.08093619804580587
FREP-287357-Z,R04_B1_all_valid_v1,B1_formal_pending_R04,R02_input_20260905,Eunice,1,False,False,0,model_fold0_G,all_valid,,OOF_date_group_diagnostic,log1p_C,0.6931471805599453,3.1340363434322995,5.957939905427701
FREP-287366-Z,R04_B1_all_valid_v1,B1_formal_pending_R04,R02_input_20260905,Eunice,1,False,False,0,model_fold0_G,all_valid,,OOF_date_group_diagnostic,log1p_C,6.90875477931522,3.8142583257217284,9.575908301302698
FREP-287383-Z,R04_B1_all_valid_v1,B1_formal_pending_R04,R02_input_20260905,Eunice,1,False,False,0,model_fold0_G,all_valid,,OOF_date_group_diagnostic,log1p_C,0.6931471805599453,3.046521372702183,5.53837008824113
FREP-287384-Z,R04_B1_all_valid_v1,B1_formal_pending_R04,R02_input_20260905,Eunice,1,False,False,0,model_fold0_G,all_valid,,OOF_date_group_diagnostic,log1p_C,1.3862943611198906,2.9387482326885763,2.4101130233486012
FREP-287385-Z,R04_B1_all_valid_v1,B1_formal_pending_R04,R02_input_20260905,Eunice,1,False,False,0,model_fold0_G,all_valid,,OOF_date_group_diagnostic,log1p_C,2.1972245773362196,2.6867800126289145,0.23966452422462003
FREP-287387-Z,R04_B1_all_valid_v1,B1_formal_pending_R04,R02_input_20260905,Eunice,1,False,False,0,model_fold0_G,all_valid,,OOF_date_group_diagnostic,log1p_C,0.6931471805599453,3.052508475233205,5.566585718802279
FREP-287390-Z,R04_B1_all_valid_v1,B1_formal_pending_R04,R02_input_20260905,Eunice,1,False,False,0,model_fold0_G,all_valid,,OOF_date_group_diagnostic,log1p_C,4.976733742420574,4.0938667372981286,0.7794541487338764
FREP-287395-Z,R04_B1_all_valid_v1,B1_formal_pending_R04,R02_input_20260905,Eunice,1,False,False,0,model_fold0_G,all_valid,,OOF_date_group_diagnostic,log1p_C,0.6931471805599453,2.9606687953261748,5.1416542734320485
FREP-287408-Z,R04_B1_all_valid_v1,B1_formal_pending_R04,R02_input_20260905,Eunice,1,False,False,0,model_fold0_G,all_valid,,OOF_date_group_diagnostic,log1p_C,7.216709486709457,2.836352509063414,19.187527251612376
FREP-287410-Z,R04_B1_all_valid_v1,B1_formal_pending_R04,R02_input_20260905,Eunice,1,False,False,0,model_fold0_G,all_valid,,OOF_date_group_diagnostic,log1p_C,0.6931471805599453,2.9303712032790177,5.005171327831308
FREP-287418-Z,R04_B1_all_valid_v1,B1_formal_pending_R04,R02_input_20260905,Eunice;Franklin,2,False,False,1,model_fold1_G,all_valid,,OOF_date_group_diagnostic,log1p_C,4.532599493153256,2.232966716714527,5.288310906471298
FREP-287420-Z,R04_B1_all_valid_v1,B1_formal_pending_R04,R02_input_20260905,Eunice,1,False,False,0,model_fold0_G,all_valid,,OOF_date_group_diagnostic,log1p_C,0.6931471805599453,2.86281589088296,4.707462312554735
FREP-287421-Z,R04_B1_all_valid_v1,B1_formal_pending_R04,R02_input_20260905,Eunice,1,False,False,0,model_fold0_G,all_valid,,OOF_date_group_diagnostic,log1p_C,7.443078374348516,3.3536643589023303,16.723306989727693
FREP-287422-Z,R04_B1_all_valid_v1,B1_formal_pending_R04,R02_input_20260905,Eunice,1,False,False,0,model_fold0_G,all_valid,,OOF_date_group_diagnostic,log1p_C,1.0986122886681098,4.002085139677194,8.43015459654682
FREP-287425-Z,R04_B1_all_valid_v1,B1_formal_pending_R04,R02_input_20260905,Eunice;Franklin,2,False,False,1,model_fold1_G,all_valid,,OOF_date_group_diagnostic,log1p_C,0.6931471805599453,2.719602186892282,4.106519892689391
FREP-287426-Z,R04_B1_all_valid_v1,B1_formal_pending_R04,R02_input_20260905,Eunice,1,False,False,0,model_fold0_G,all_valid,,OOF_date_group_diagnostic,log1p_C,1.3862943611198906,3.091043623501111,2.9061700475893155
FREP-287431-Z,R04_B1_all_valid_v1,B1_formal_pending_R04,R02_input_20260905,Eunice,1,False,False,0,model_fold0_G,all_valid,,OOF_date_group_diagnostic,log1p_C,1.0986122886681098,3.3415106072568106,5.0305928675280205
FREP-287436-Z,R04_B1_all_valid_v1,B1_formal_pending_R04,R02_input_20260905,Eunice,1,False,False,0,model_fold0_G,all_valid,,OOF_date_group_diagnostic,log1p_C,0.6931471805599453,3.6996566078564372,9.039098936422679
FREP-287444-Z,R04_B1_all_valid_v1,B1_formal_pending_R04,R02_input_20260905,Eunice,1,False,False,0,model_fold0_G,all_valid,,OOF_date_group_diagnostic,log1p_C,4.204692619390966,4.072414647161469,0.01749746193714761
FREP-287447-Z,R04_B1_all_valid_v1,B1_formal_pending_R04,R02_input_20260905,Eunice,1,False,False,0,model_fold0_G,all_valid,,OOF_date_group_diagnostic,log1p_C,5.37989735354046,2.703214400363078,7.164631631830391
FREP-287448-Z,R04_B1_all_valid_v1,B1_formal_pending_R04,R02_input_20260905,Eunice,1,False,False,0,model_fold0_G,all_valid,,OOF_date_group_diagnostic,log1p_C,7.215975002651466,4.135736339795988,9.4878702201497
FREP-287450-Z,R04_B1_all_valid_v1,B1_formal_pending_R04,R02_input_20260905,Eunice,1,False,False,0,model_fold0_G,all_valid,,OOF_date_group_diagnostic,log1p_C,0.6931471805599453,2.6555329431666035,3.850957881281315
FREP-287451-Z,R04_B1_all_valid_v1,B1_formal_pending_R04,R02_input_20260905,Eunice,1,False,False,0,model_fold0_G,all_valid,,OOF_date_group_diagnostic,log1p_C,5.159055299214529,2.8476149433940163,5.3427565185156585
FREP-287452-Z,R04_B1_all_valid_v1,B1_formal_pending_R04,R02_input_20260905,Eunice,1,False,False,0,model_fold0_G,all_valid,,OOF_date_group_diagnostic,log1p_C,6.616065185132817,2.815616222973065,14.44341231398114
FREP-287459-Z,R04_B1_all_valid_v1,B1_formal_pending_R04,R02_input_20260905,Eunice,1,False,False,0,model_fold0_G,all_valid,,OOF_date_group_diagnostic,log1p_C,0.6931471805599453,4.2728885280686155,12.81454811506319
FREP-287462-Z,R04_B1_all_valid_v1,B1_formal_pending_R04,R02_input_20260905,Franklin,1,False,False,3,model_fold3_G,all_valid,,OOF_date_group_diagnostic,log1p_C,0.0,2.8434992962655863,8.085488247862884
FREP-287465-Z,R04_B1_all_valid_v1,B1_formal_pending_R04,R02_input_20260905,Eunice,1,False,False,0,model_fold0_G,all_valid,,OOF_date_group_diagnostic,log1p_C,0.6931471805599453,3.5276054523972595,8.034153694786973
FREP-287474-Z,R04_B1_all_valid_v1,B1_formal_pending_R04,R02_input_20260905,Eunice;Franklin,2,False,False,1,model_fold1_G,all_valid,,OOF_date_group_diagnostic,log1p_C,0.6931471805599453,2.7326443743401256,4.15954880343723
FREP-287478-Z,R04_B1_all_valid_v1,B1_formal_pending_R04,R02_input_20260905,Eunice;Franklin,2,False,False,1,model_fold1_G,all_valid,,OOF_date_group_diagnostic,log1p_C,2.0794415416798357,2.8363283109369357,0.5728775814764505
FREP-287487-Z,R04_B1_all_valid_v1,B1_formal_pending_R04,R02_input_20260905,Eunice,1,False,False,0,model_fold0_G,all_valid,,OOF_date_group_diagnostic,log1p_C,2.995732273553991,2.9120073542596,0.007009862110852281
FREP-287488-Z,R04_B1_all_valid_v1,B1_formal_pending_R04,R02_input_20260905,Eunice,1,False,False,0,model_fold0_G,all_valid,,OOF_date_group_diagnostic,log1p_C,5.5254529391317835,2.6868548290256333,8.057639230698207
FREP-287489-Z,R04_B1_all_valid_v1,B1_formal_pending_R04,R02_input_20260905,Franklin,1,False,False,3,model_fold3_G,all_valid,,OOF_date_group_diagnostic,log1p_C,1.3862943611198906,3.0958828786947383,2.9226928994237653
FREP-287492-Z,R04_B1_all_valid_v1,B1_formal_pending_R04,R02_input_20260905,Eunice,1,False,False,0,model_fold0_G,all_valid,,OOF_date_group_diagnostic,log1p_C,4.143134726391533,3.2907902014510153,0.726491189196076
FREP-287493-Z,R04_B1_all_valid_v1,B1_formal_pending_R04,R02_input_20260905,Franklin,1,False,False,3,model_fold3_G,all_valid,,OOF_date_group_diagnostic,log1p_C,0.0,2.9078599064718436,8.455649235666439
FREP-287495-Z,R04_B1_all_valid_v1,B1_formal_pending_R04,R02_input_20260905,Franklin,1,False,False,4,model_fold4_G,all_valid,,OOF_date_group_diagnostic,log1p_C,0.6931471805599453,2.679020068542509,3.9436911272242074
FREP-287502-Z,R04_B1_all_valid_v1,B1_formal_pending_R04,R02_input_20260905,Eunice,1,False,False,0,model_fold0_G,all_valid,,OOF_date_group_diagnostic,log1p_C,1.9459101490553132,5.151180691677068,10.273759251398754
FREP-287511-Z,R04_B1_all_valid_v1,B1_formal_pending_R04,R02_input_20260905,Eunice,1,False,False,0,model_fold0_G,all_valid,,OOF_date_group_diagnostic,log1p_C,3.5263605246161616,2.5539473988749646,0.9455872871137649
FREP-287520-Z,R04_B1_all_valid_v1,B1_formal_pending_R04,R02_input_20260905,Eunice,1,False,False,0,model_fold0_G,all_valid,,OOF_date_group_diagnostic,log1p_C,2.302585092994046,5.123897423376069,7.9598032655656406
FREP-287523-Z,R04_B1_all_valid_v1,B1_formal_pending_R04,R02_input_20260905,Eunice,1,False,False,0,model_fold0_G,all_valid,,OOF_date_group_diagnostic,log1p_C,0.6931471805599453,4.947131601037751,18.09638344966789
FREP-287532-Z,R04_B1_all_valid_v1,B1_formal_pending_R04,R02_input_20260905,Eunice,1,False,False,0,model_fold0_G,all_valid,,OOF_date_group_diagnostic,log1p_C,0.6931471805599453,3.250877907337055,6.541986470699761
FREP-287549-Z,R04_B1_all_valid_v1,B1_formal_pending_R04,R02_input_20260905,Eunice,1,False,False,0,model_fold0_G,all_valid,,OOF_date_group_diagnostic,log1p_C,1.6094379124341003,2.6868548290256333,1.1608272121576064
FREP-287565-Z,R04_B1_all_valid_v1,B1_formal_pending_R04,R02_input_20260905,Franklin,1,False,False,3,model_fold3_G,all_valid,,OOF_date_group_diagnostic,log1p_C,5.204006687076795,2.5663910494321747,6.957016251947438
FREP-287567-Z,R04_B1_all_valid_v1,B1_formal_pending_R04,R02_input_20260905,Franklin,1,False,False,3,model_fold3_G,all_valid,,OOF_date_group_diagnostic,log1p_C,1.6094379124341003,2.812200671188503,1.446638253846501
FREP-287575-Z,R04_B1_all_valid_v1,B1_formal_pending_R04,R02_input_20260905,Eunice,1,False,False,0,model_fold0_G,all_valid,,OOF_date_group_diagnostic,log1p_C,1.3862943611198906,2.7183657671610026,1.7744142307923452
FREP-287577-Z,R04_B1_all_valid_v1,B1_formal_pending_R04,R02_input_20260905,Eunice;Franklin,2,False,False,1,model_fold1_G,all_valid,,OOF_date_group_diagnostic,log1p_C,7.3632795869630385,2.150380142642412,27.174320616598298
FREP-287579-Z,R04_B1_all_valid_v1,B1_formal_pending_R04,R02_input_20260905,Eunice,1,False,False,0,model_fold0_G,all_valid,,OOF_date_group_diagnostic,log1p_C,1.3862943611198906,4.097335890782512,7.3497461755554445
FREP-287580-Z,R04_B1_all_valid_v1,B1_formal_pending_R04,R02_input_20260905,Eunice;Franklin,2,False,False,1,model_fold1_G,all_valid,,OOF_date_group_diagnostic,log1p_C,0.6931471805599453,2.6365305391063494,3.776738878275101
FREP-287581-Z,R04_B1_all_valid_v1,B1_formal_pending_R04,R02_input_20260905,Eunice,1,False,False,0,model_fold0_G,all_valid,,OOF_date_group_diagnostic,log1p_C,5.198497031265826,3.066097418328056,4.5471281092571525
FREP-287584-Z,R04_B1_all_valid_v1,B1_formal_pending_R04,R02_input_20260905,Franklin,1,False,False,3,model_fold3_G,all_valid,,OOF_date_group_diagnostic,log1p_C,2.8903717578961645,2.7250975229374936,0.02731557274117395
FREP-287586-Z,R04_B1_all_valid_v1,B1_formal_pending_R04,R02_input_20260905,Eunice,1,False,False,0,model_fold0_G,all_valid,,OOF_date_group_diagnostic,log1p_C,1.791759469228055,2.7856048345099778,0.9877286100923586
FREP-287591-Z,R04_B1_all_valid_v1,B1_formal_pending_R04,R02_input_20260905,Eunice,1,False,False,0,model_fold0_G,all_valid,,OOF_date_group_diagnostic,log1p_C,4.762173934797756,4.811623297806708,0.002445239501991097
FREP-287593-Z,R04_B1_all_valid_v1,B1_formal_pending_R04,R02_input_20260905,Eunice,1,False,False,0,model_fold0_G,all_valid,,OOF_date_group_diagnostic,log1p_C,0.6931471805599453,3.0740472904133935,5.668685333100162
FREP-287594-Z,R04_B1_all_valid_v1,B1_formal_pending_R04,R02_input_20260905,Eunice,1,False,False,0,model_fold0_G,all_valid,,OOF_date_group_diagnostic,log1p_C,1.6094379124341003,3.5813426994720414,3.888408489143148
FREP-287597-Z,R04_B1_all_valid_v1,B1_formal_pending_R04,R02_input_20260905,Eunice,1,False,False,0,model_fold0_G,all_valid,,OOF_date_group_diagnostic,log1p_C,4.770684624465665,4.475231014706488,0.08729283551972786
FREP-287598-Z,R04_B1_all_valid_v1,B1_formal_pending_R04,R02_input_20260905,Eunice;Franklin,2,False,False,1,model_fold1_G,all_valid,,OOF_date_group_diagnostic,log1p_C,0.6931471805599453,2.692912781625833,3.9990624592064115
FREP-287600-Z,R04_B1_all_valid_v1,B1_formal_pending_R04,R02_input_20260905,Eunice,1,False,False,0,model_fold0_G,all_valid,,OOF_date_group_diagnostic,log1p_C,1.9459101490553132,3.272878634694426,1.7608453618793598
FREP-287601-Z,R04_B1_all_valid_v1,B1_formal_pending_R04,R02_input_20260905,Eunice,1,False,False,0,model_fold0_G,all_valid,,OOF_date_group_diagnostic,log1p_C,0.6931471805599453,4.16670912968193,12.065632614388122
FREP-287602-Z,R04_B1_all_valid_v1,B1_formal_pending_R04,R02_input_20260905,Eunice,1,False,False,0,model_fold0_G,all_valid,,OOF_date_group_diagnostic,log1p_C,1.6094379124341003,3.938325597591324,5.4237178500769705
FREP-287604-Z,R04_B1_all_valid_v1,B1_formal_pending_R04,R02_input_20260905,Eunice,1,False,False,0,model_fold0_G,all_valid,,OOF_date_group_diagnostic,log1p_C,1.9459101490553132,4.440182405962281,6.221394091575776
FREP-287611-Z,R04_B1_all_valid_v1,B1_formal_pending_R04,R02_input_20260905,Eunice,1,False,False,0,model_fold0_G,all_valid,,OOF_date_group_diagnostic,log1p_C,1.6094379124341003,4.719369369848859,9.671673669817881
FREP-287615-Z,R04_B1_all_valid_v1,B1_formal_pending_R04,R02_input_20260905,Eunice,1,False,False,0,model_fold0_G,all_valid,,OOF_date_group_diagnostic,log1p_C,2.4849066497880004,3.3684181978733947,0.78059265560025
FREP-287616-Z,R04_B1_all_valid_v1,B1_formal_pending_R04,R02_input_20260905,Eunice,1,False,False,0,model_fold0_G,all_valid,,OOF_date_group_diagnostic,log1p_C,0.6931471805599453,4.062851500387792,11.35490720306645
FREP-287618-Z,R04_B1_all_valid_v1,B1_formal_pending_R04,R02_input_20260905,Eunice,1,False,False,0,model_fold0_G,all_valid,,OOF_date_group_diagnostic,log1p_C,2.302585092994046,3.6289205135145126,1.7591656477272033
FREP-287637-Z,R04_B1_all_valid_v1,B1_formal_pending_R04,R02_input_20260905,Eunice,1,False,False,0,model_fold0_G,all_valid,,OOF_date_group_diagnostic,log1p_C,0.6931471805599453,3.22500285519013,6.410293157157068
FREP-287645-Z,R04_B1_all_valid_v1,B1_formal_pending_R04,R02_input_20260905,Eunice,1,False,False,0,model_fold0_G,all_valid,,OOF_date_group_diagnostic,log1p_C,0.6931471805599453,4.022014303132955,11.081356319747506
FREP-287651-Z,R04_B1_all_valid_v1,B1_formal_pending_R04,R02_input_20260905,Eunice;Franklin,2,False,False,1,model_fold1_G,all_valid,,OOF_date_group_diagnostic,log1p_C,4.48863636973214,2.5058962858624794,3.9312582401834675
FREP-287653-Z,R04_B1_all_valid_v1,B1_formal_pending_R04,R02_input_20260905,Eunice;Franklin,2,False,False,1,model_fold1_G,all_valid,,OOF_date_group_diagnostic,log1p_C,1.0986122886681098,2.7577885207661987,2.7528657691592113
FREP-287656-Z,R04_B1_all_valid_v1,B1_formal_pending_R04,R02_input_20260905,Eunice,1,False,False,0,model_fold0_G,all_valid,,OOF_date_group_diagnostic,log1p_C,3.295836866004329,3.6289205135145126,0.11094471623868817
FREP-287658-Z,R04_B1_all_valid_v1,B1_formal_pending_R04,R02_input_20260905,Eunice,1,False,False,0,model_fold0_G,all_valid,,OOF_date_group_diagnostic,log1p_C,6.904750769961838,3.9633037762208216,8.652110416988064
FREP-287664-Z,R04_B1_all_valid_v1,B1_formal_pending_R04,R02_input_20260905,Eunice,1,False,False,0,model_fold0_G,all_valid,,OOF_date_group_diagnostic,log1p_C,6.77078942390898,2.922903151817914,14.806228762946878
FREP-287672-Z,R04_B1_all_valid_v1,B1_formal_pending_R04,R02_input_20260905,Eunice;Franklin,2,False,False,1,model_fold1_G,all_valid,,OOF_date_group_diagnostic,log1p_C,6.840546529288687,2.606027798313252,17.931148882981812
FREP-287676-Z,R04_B1_all_valid_v1,B1_formal_pending_R04,R02_input_20260905,Eunice,1,False,False,0,model_fold0_G,all_valid,,OOF_date_group_diagnostic,log1p_C,1.791759469228055,3.3264331402830827,2.3552232766295154
FREP-287688-Z,R04_B1_all_valid_v1,B1_formal_pending_R04,R02_input_20260905,Franklin,1,False,False,3,model_fold3_G,all_valid,,OOF_date_group_diagnostic,log1p_C,1.0986122886681098,3.34099181258625,5.028265929287347
FREP-287696-Z,R04_B1_all_valid_v1,B1_formal_pending_R04,R02_input_20260905,Eunice;Franklin,2,False,False,1,model_fold1_G,all_valid,,OOF_date_group_diagnostic,log1p_C,5.683579767338681,2.684656879993141,8.993538484244914
FREP-287703-Z,R04_B1_all_valid_v1,B1_formal_pending_R04,R02_input_20260905,Eunice;Franklin,2,False,False,1,model_fold1_G,all_valid,,OOF_date_group_diagnostic,log1p_C,1.0986122886681098,2.8865393909628665,3.1966833231201255
FREP-287704-Z,R04_B1_all_valid_v1,B1_formal_pending_R04,R02_input_20260905,Eunice;Franklin,2,False,False,1,model_fold1_G,all_valid,,OOF_date_group_diagnostic,log1p_C,1.0986122886681098,2.776876177279146,2.8165696798158373
FREP-287711-Z,R04_B1_all_valid_v1,B1_formal_pending_R04,R02_input_20260905,Eunice,1,False,False,0,model_fold0_G,all_valid,,OOF_date_group_diagnostic,log1p_C,2.4849066497880004,3.203461579803883,0.51632118745013
FREP-287715-Z,R04_B1_all_valid_v1,B1_formal_pending_R04,R02_input_20260905,Eunice,1,False,False,0,model_fold0_G,all_valid,,OOF_date_group_diagnostic,log1p_C,5.855071922202427,5.027653981235014,0.6846204490347533
FREP-287719-Z,R04_B1_all_valid_v1,B1_formal_pending_R04,R02_input_20260905,Eunice,1,False,False,0,model_fold0_G,all_valid,,OOF_date_group_diagnostic,log1p_C,0.6931471805599453,2.948263378319399,5.085549065397056
FREP-287721-Z,R04_B1_all_valid_v1,B1_formal_pending_R04,R02_input_20260905,Eunice,1,False,False,0,model_fold0_G,all_valid,,OOF_date_group_diagnostic,log1p_C,1.0986122886681098,3.1347949022862664,4.146039636000866
FREP-287731-Z,R04_B1_all_valid_v1,B1_formal_pending_R04,R02_input_20260905,Franklin,1,False,False,3,model_fold3_G,all_valid,,OOF_date_group_diagnostic,log1p_C,0.6931471805599453,3.1279635289627254,5.928330650449448
FREP-287733-Z,R04_B1_all_valid_v1,B1_formal_pending_R04,R02_input_20260905,Franklin,1,False,False,3,model_fold3_G,all_valid,,OOF_date_group_diagnostic,log1p_C,4.127134385045092,3.4087132095027024,0.5161289854677085
FREP-287734-Z,R04_B1_all_valid_v1,B1_formal_pending_R04,R02_input_20260905,Eunice,1,False,False,0,model_fold0_G,all_valid,,OOF_date_group_diagnostic,log1p_C,1.3862943611198906,3.0446019930601014,2.7499842021511496
FREP-287735-Z,R04_B1_all_valid_v1,B1_formal_pending_R04,R02_input_20260905,Franklin,1,False,False,3,model_fold3_G,all_valid,,OOF_date_group_diagnostic,log1p_C,1.9459101490553132,3.2297706592720226,1.6482978096939092
FREP-287738-Z,R04_B1_all_valid_v1,B1_formal_pending_R04,R02_input_20260905,Eunice;Franklin,2,False,False,1,model_fold1_G,all_valid,,OOF_date_group_diagnostic,log1p_C,0.6931471805599453,2.569580089606548,3.521000462153096
FREP-287739-Z,R04_B1_all_valid_v1,B1_formal_pending_R04,R02_input_20260905,Eunice,1,False,False,0,model_fold0_G,all_valid,,OOF_date_group_diagnostic,log1p_C,0.6931471805599453,3.084835785459328,5.7201743828055545
FREP-287745-Z,R04_B1_all_valid_v1,B1_formal_pending_R04,R02_input_20260905,Eunice,1,False,False,0,model_fold0_G,all_valid,,OOF_date_group_diagnostic,log1p_C,6.933423025730715,2.5564545795418736,19.15785277893276
FREP-287751-Z,R04_B1_all_valid_v1,B1_formal_pending_R04,R02_input_20260905,Eunice,1,False,False,0,model_fold0_G,all_valid,,OOF_date_group_diagnostic,log1p_C,6.966024187106113,5.200955673270712,3.115466858533112
FREP-287752-Z,R04_B1_all_valid_v1,B1_formal_pending_R04,R02_input_20260905,Eunice,1,False,False,0,model_fold0_G,all_valid,,OOF_date_group_diagnostic,log1p_C,4.0943445622221,3.1543841097739467,0.8835256521665379
FREP-287756-Z,R04_B1_all_valid_v1,B1_formal_pending_R04,R02_input_20260905,Eunice;Franklin,2,False,False,1,model_fold1_G,all_valid,,OOF_date_group_diagnostic,log1p_C,3.295836866004329,2.172752459881351,1.261318583276603
FREP-287769-Z,R04_B1_all_valid_v1,B1_formal_pending_R04,R02_input_20260905,Eunice;Franklin,2,False,False,1,model_fold1_G,all_valid,,OOF_date_group_diagnostic,log1p_C,0.6931471805599453,2.5468205203128145,3.4361048505105556
FREP-287770-Z,R04_B1_all_valid_v1,B1_formal_pending_R04,R02_input_20260905,Eunice;Franklin,2,False,False,1,model_fold1_G,all_valid,,OOF_date_group_diagnostic,log1p_C,3.9889840465642745,2.5360026989526085,2.111154796507413
FREP-287773-Z,R04_B1_all_valid_v1,B1_formal_pending_R04,R02_input_20260905,Franklin,1,False,False,3,model_fold3_G,all_valid,,OOF_date_group_diagnostic,log1p_C,3.295836866004329,2.962265175694162,0.11127007257638218
FREP-287785-Z,R04_B1_all_valid_v1,B1_formal_pending_R04,R02_input_20260905,Eunice;Franklin,2,False,False,1,model_fold1_G,all_valid,,OOF_date_group_diagnostic,log1p_C,3.2188758248682006,2.684105424757777,0.2859793808342624
FREP-287788-Z,R04_B1_all_valid_v1,B1_formal_pending_R04,R02_input_20260905,Eunice;Franklin,2,False,False,1,model_fold1_G,all_valid,,OOF_date_group_diagnostic,log1p_C,0.6931471805599453,2.547769700554034,3.439624691669224
FREP-287793-Z,R04_B1_all_valid_v1,B1_formal_pending_R04,R02_input_20260905,Franklin,1,False,False,3,model_fold3_G,all_valid,,OOF_date_group_diagnostic,log1p_C,1.0986122886681098,3.6384920015505684,6.450988955911882
FREP-287797-Z,R04_B1_all_valid_v1,B1_formal_pending_R04,R02_input_20260905,Eunice,1,False,False,0,model_fold0_G,all_valid,,OOF_date_group_diagnostic,log1p_C,3.1780538303479458,3.570562547216536,0.15406309281782704
FREP-287802-Z,R04_B1_all_valid_v1,B1_formal_pending_R04,R02_input_20260905,Eunice;Franklin,2,False,False,1,model_fold1_G,all_valid,,OOF_date_group_diagnostic,log1p_C,0.6931471805599453,2.8865393909628665,4.810969388656212
FREP-287805-Z,R04_B1_all_valid_v1,B1_formal_pending_R04,R02_input_20260905,Eunice;Franklin,2,False,False,1,model_fold1_G,all_valid,,OOF_date_group_diagnostic,log1p_C,0.6931471805599453,2.5578635310021762,3.4771670676065924
FREP-287806-Z,R04_B1_all_valid_v1,B1_formal_pending_R04,R02_input_20260905,Eunice,1,False,False,0,model_fold0_G,all_valid,,OOF_date_group_diagnostic,log1p_C,1.6094379124341003,5.705664747218326,16.779074282006395
FREP-287816-Z,R04_B1_all_valid_v1,B1_formal_pending_R04,R02_input_20260905,Eunice;Franklin,2,False,False,1,model_fold1_G,all_valid,,OOF_date_group_diagnostic,log1p_C,0.6931471805599453,2.592522132301159,3.607625207301938
FREP-287824-Z,R04_B1_all_valid_v1,B1_formal_pending_R04,R02_input_20260905,Eunice;Franklin,2,False,False,1,model_fold1_G,all_valid,,OOF_date_group_diagnostic,log1p_C,0.6931471805599453,2.494597041641791,3.245221601991801
FREP-287836-Z,R04_B1_all_valid_v1,B1_formal_pending_R04,R02_input_20260905,Eunice;Franklin,2,False,False,1,model_fold1_G,all_valid,,OOF_date_group_diagnostic,log1p_C,1.0986122886681098,2.6238509089562507,2.326352848818472
FREP-287850-Z,R04_B1_all_valid_v1,B1_formal_pending_R04,R02_input_20260905,Eunice;Franklin,2,False,False,1,model_fold1_G,all_valid,,OOF_date_group_diagnostic,log1p_C,0.6931471805599453,2.768415980729989,4.306740592959212
FREP-287852-Z,R04_B1_all_valid_v1,B1_formal_pending_R04,R02_input_20260905,Eunice;Franklin,2,False,False,1,model_fold1_G,all_valid,,OOF_date_group_diagnostic,log1p_C,1.6094379124341003,2.74364791591376,1.28643233199333
FREP-287859-Z,R04_B1_all_valid_v1,B1_formal_pending_R04,R02_input_20260905,Franklin,1,False,False,3,model_fold3_G,all_valid,,OOF_date_group_diagnostic,log1p_C,1.3862943611198906,2.7268179935009464,1.7970036089721002
FREP-287860-Z,R04_B1_all_valid_v1,B1_formal_pending_R04,R02_input_20260905,Eunice;Franklin,2,False,False,1,model_fold1_G,all_valid,,OOF_date_group_diagnostic,log1p_C,5.605802066295998,2.834653080951302,7.679266698976937
FREP-287883-Z,R04_B1_all_valid_v1,B1_formal_pending_R04,R02_input_20260905,Eunice;Franklin,2,False,False,1,model_fold1_G,all_valid,,OOF_date_group_diagnostic,log1p_C,2.1972245773362196,2.6505660245478655,0.20551846775994956
FREP-287884-Z,R04_B1_all_valid_v1,B1_formal_pending_R04,R02_input_20260905,Eunice;Franklin,2,False,False,1,model_fold1_G,all_valid,,OOF_date_group_diagnostic,log1p_C,1.3862943611198906,2.6023408449240923,1.4787690507725628
FREP-287887-Z,R04_B1_all_valid_v1,B1_formal_pending_R04,R02_input_20260905,Eunice;Franklin,2,False,False,1,model_fold1_G,all_valid,,OOF_date_group_diagnostic,log1p_C,1.791759469228055,2.691956717003503,0.8103550849024914
FREP-287894-Z,R04_B1_all_valid_v1,B1_formal_pending_R04,R02_input_20260905,Eunice;Franklin,2,False,False,1,model_fold1_G,all_valid,,OOF_date_group_diagnostic,log1p_C,1.0986122886681098,2.6816008921427104,2.5058529187304663
FREP-287907-Z,R04_B1_all_valid_v1,B1_formal_pending_R04,R02_input_20260905,Eunice;Franklin,2,False,False,1,model_fold1_G,all_valid,,OOF_date_group_diagnostic,log1p_C,0.6931471805599453,2.622519513448771,3.7224775989168695
FREP-287908-Z,R04_B1_all_valid_v1,B1_formal_pending_R04,R02_input_20260905,Eunice;Franklin,2,False,False,1,model_fold1_G,all_valid,,OOF_date_group_diagnostic,log1p_C,5.241747015059643,2.84813777571918,5.729365190656028
FREP-287931-Z,R04_B1_all_valid_v1,B1_formal_pending_R04,R02_input_20260905,Eunice;Franklin,2,False,False,1,model_fold1_G,all_valid,,OOF_date_group_diagnostic,log1p_C,0.6931471805599453,2.6153184051857146,3.6947422167793293
FREP-287934-Z,R04_B1_all_valid_v1,B1_formal_pending_R04,R02_input_20260905,Eunice;Franklin,2,False,False,1,model_fold1_G,all_valid,,OOF_date_group_diagnostic,log1p_C,2.0794415416798357,2.7892789180004067,0.5038691008216719
FREP-287941-Z,R04_B1_all_valid_v1,B1_formal_pending_R04,R02_input_20260905,Eunice;Franklin,2,False,False,1,model_fold1_G,all_valid,,OOF_date_group_diagnostic,log1p_C,5.375278407684165,2.6293050684872057,7.540369579580501
FREP-287946-Z,R04_B1_all_valid_v1,B1_formal_pending_R04,R02_input_20260905,Eunice;Franklin,2,False,False,1,model_fold1_G,all_valid,,OOF_date_group_diagnostic,log1p_C,4.290459441148391,2.6090576036557156,2.827112139123745
FREP-287962-Z,R04_B1_all_valid_v1,B1_formal_pending_R04,R02_input_20260905,Eunice;Franklin,2,False,False,1,model_fold1_G,all_valid,,OOF_date_group_diagnostic,log1p_C,0.6931471805599453,2.9215195581755937,4.965643453320418
FREP-287965-Z,R04_B1_all_valid_v1,B1_formal_pending_R04,R02_input_20260905,Eunice;Franklin,2,False,False,1,model_fold1_G,all_valid,,OOF_date_group_diagnostic,log1p_C,0.6931471805599453,2.7076930161773567,4.058394923803454
FREP-287972-Z,R04_B1_all_valid_v1,B1_formal_pending_R04,R02_input_20260905,Eunice;Franklin,2,False,False,1,model_fold1_G,all_valid,,OOF_date_group_diagnostic,log1p_C,0.6931471805599453,2.7577885207661987,4.262743863688674
FREP-287987-Z,R04_B1_all_valid_v1,B1_formal_pending_R04,R02_input_20260905,Eunice;Franklin,2,False,False,1,model_fold1_G,all_valid,,OOF_date_group_diagnostic,log1p_C,3.295836866004329,2.891910777937974,0.16315628462058904
FREP-288000-Z,R04_B1_all_valid_v1,B1_formal_pending_R04,R02_input_20260905,Eunice;Franklin,2,False,False,1,model_fold1_G,all_valid,,OOF_date_group_diagnostic,log1p_C,6.71295620067707,2.761928507814959,15.610619829763293
FREP-288002-Z,R04_B1_all_valid_v1,B1_formal_pending_R04,R02_input_20260905,Franklin,1,False,False,3,model_fold3_G,all_valid,,OOF_date_group_diagnostic,log1p_C,1.0986122886681098,3.0525957147574974,3.818051229432021
FREP-288005-Z,R04_B1_all_valid_v1,B1_formal_pending_R04,R02_input_20260905,Eunice;Franklin,2,False,False,1,model_fold1_G,all_valid,,OOF_date_group_diagnostic,log1p_C,3.8501476017100584,2.6413342560956625,1.461229704535469
FREP-288029-Z,R04_B1_all_valid_v1,B1_formal_pending_R04,R02_input_20260905,Eunice;Franklin,2,False,False,1,model_fold1_G,all_valid,,OOF_date_group_diagnostic,log1p_C,0.6931471805599453,2.7947870621830253,4.416890192028673
FREP-288032-Z,R04_B1_all_valid_v1,B1_formal_pending_R04,R02_input_20260905,Eunice;Franklin,2,False,False,1,model_fold1_G,all_valid,,OOF_date_group_diagnostic,log1p_C,3.9318256327243257,2.7492144924911712,1.398569109003562
FREP-288039-Z,R04_B1_all_valid_v1,B1_formal_pending_R04,R02_input_20260905,Eunice;Franklin,2,False,False,1,model_fold1_G,all_valid,,OOF_date_group_diagnostic,log1p_C,6.955592608396297,2.8914569528248295,16.51719862688732
FREP-288045-Z,R04_B1_all_valid_v1,B1_formal_pending_R04,R02_input_20260905,Eunice;Franklin,2,False,False,1,model_fold1_G,all_valid,,OOF_date_group_diagnostic,log1p_C,0.6931471805599453,2.7832623602541133,4.368581464387984
FREP-288047-Z,R04_B1_all_valid_v1,B1_formal_pending_R04,R02_input_20260905,Eunice;Franklin,2,False,False,1,model_fold1_G,all_valid,,OOF_date_group_diagnostic,log1p_C,1.791759469228055,2.90774863987125,1.2454318289928863
FREP-288048-Z,R04_B1_all_valid_v1,B1_formal_pending_R04,R02_input_20260905,Eunice;Franklin,2,False,False,1,model_fold1_G,all_valid,,OOF_date_group_diagnostic,log1p_C,3.367295829986474,2.732056662616814,0.4035287997604992
FREP-288055-Z,R04_B1_all_valid_v1,B1_formal_pending_R04,R02_input_20260905,Eunice;Franklin,2,False,False,1,model_fold1_G,all_valid,,OOF_date_group_diagnostic,log1p_C,1.0986122886681098,2.2362281562512365,1.29416986217691
FREP-288066-Z,R04_B1_all_valid_v1,B1_formal_pending_R04,R02_input_20260905,Eunice;Franklin,2,False,False,1,model_fold1_G,all_valid,,OOF_date_group_diagnostic,log1p_C,0.6931471805599453,2.765565940584774,4.294919516902849
FREP-288067-Z,R04_B1_all_valid_v1,B1_formal_pending_R04,R02_input_20260905,Eunice;Franklin,2,False,False,1,model_fold1_G,all_valid,,OOF_date_group_diagnostic,log1p_C,7.44716835960004,2.800129427812357,21.59497083355041
FREP-288072-Z,R04_B1_all_valid_v1,B1_formal_pending_R04,R02_input_20260905,Eunice;Franklin,2,False,False,1,model_fold1_G,all_valid,,OOF_date_group_diagnostic,log1p_C,4.718498871295094,2.8694262882740293,3.4190694172801925
FREP-288076-Z,R04_B1_all_valid_v1,B1_formal_pending_R04,R02_input_20260905,Eunice;Franklin,2,False,False,1,model_fold1_G,all_valid,,OOF_date_group_diagnostic,log1p_C,4.997212273764115,2.727033028454665,5.1537138058337835
FREP-288077-Z,R04_B1_all_valid_v1,B1_formal_pending_R04,R02_input_20260905,Eunice;Franklin,2,False,False,1,model_fold1_G,all_valid,,OOF_date_group_diagnostic,log1p_C,3.8501476017100584,2.7131597226898347,1.2927414370389068
FREP-288078-Z,R04_B1_all_valid_v1,B1_formal_pending_R04,R02_input_20260905,Eunice;Franklin,2,False,False,1,model_fold1_G,all_valid,,OOF_date_group_diagnostic,log1p_C,4.8283137373023015,2.7524386586226672,4.3092573422831775
FREP-288080-Z,R04_B1_all_valid_v1,B1_formal_pending_R04,R02_input_20260905,Eunice;Franklin,2,False,False,1,model_fold1_G,all_valid,,OOF_date_group_diagnostic,log1p_C,0.6931471805599453,2.628322799346561,3.7449046755461612
FREP-288087-Z,R04_B1_all_valid_v1,B1_formal_pending_R04,R02_input_20260905,Eunice;Franklin,2,False,False,1,model_fold1_G,all_valid,,OOF_date_group_diagnostic,log1p_C,0.6931471805599453,2.8461685733428723,4.635501117780935
FREP-288089-Z,R04_B1_all_valid_v1,B1_formal_pending_R04,R02_input_20260905,Franklin,1,False,False,3,model_fold3_G,all_valid,,OOF_date_group_diagnostic,log1p_C,0.6931471805599453,3.0643140305001477,5.622432230255342
FREP-288097-Z,R04_B1_all_valid_v1,B1_formal_pending_R04,R02_input_20260905,Eunice;Franklin,2,False,False,1,model_fold1_G,all_valid,,OOF_date_group_diagnostic,log1p_C,5.2574953720277815,2.6387005301327857,6.858086423935836
FREP-288099-Z,R04_B1_all_valid_v1,B1_formal_pending_R04,R02_input_20260905,Eunice;Franklin,2,False,False,1,model_fold1_G,all_valid,,OOF_date_group_diagnostic,log1p_C,0.6931471805599453,2.6819618439548476,3.9553837653345782
FREP-288102-Z,R04_B1_all_valid_v1,B1_formal_pending_R04,R02_input_20260905,Eunice;Franklin,2,False,False,1,model_fold1_G,all_valid,,OOF_date_group_diagnostic,log1p_C,5.420534999272286,2.7246137324142383,7.267991477097502
FREP-288110-Z,R04_B1_all_valid_v1,B1_formal_pending_R04,R02_input_20260905,Eunice;Franklin,2,False,False,1,model_fold1_G,all_valid,,OOF_date_group_diagnostic,log1p_C,4.532599493153256,2.6942016642548827,3.3797065772982537
FREP-288112-Z,R04_B1_all_valid_v1,B1_formal_pending_R04,R02_input_20260905,Eunice;Franklin,2,False,False,1,model_fold1_G,all_valid,,OOF_date_group_diagnostic,log1p_C,3.4011973816621555,2.9483872196458467,0.20503704282523577
FREP-288120-Z,R04_B1_all_valid_v1,B1_formal_pending_R04,R02_input_20260905,Eunice;Franklin,2,False,False,1,model_fold1_G,all_valid,,OOF_date_group_diagnostic,log1p_C,6.7464121285733745,2.85671654708009,15.12973171668838
FREP-288124-Z,R04_B1_all_valid_v1,B1_formal_pending_R04,R02_input_20260905,Eunice,1,False,False,0,model_fold0_G,all_valid,,OOF_date_group_diagnostic,log1p_C,4.634728988229636,4.3068151823179655,0.10752746410747666
FREP-288131-Z,R04_B1_all_valid_v1,B1_formal_pending_R04,R02_input_20260905,Eunice;Franklin,2,False,False,1,model_fold1_G,all_valid,,OOF_date_group_diagnostic,log1p_C,1.3862943611198906,2.5944120638321655,1.4595483836067846
FREP-288140-Z,R04_B1_all_valid_v1,B1_formal_pending_R04,R02_input_20260905,Eunice,1,False,False,0,model_fold0_G,all_valid,,OOF_date_group_diagnostic,log1p_C,3.332204510175204,3.288042851242869,0.0019502521196558672
FREP-288151-Z,R04_B1_all_valid_v1,B1_formal_pending_R04,R02_input_20260905,Eunice;Franklin,2,False,False,1,model_fold1_G,all_valid,,OOF_date_group_diagnostic,log1p_C,3.7612001156935624,2.694844430449791,1.137114447451713
FREP-288165-Z,R04_B1_all_valid_v1,B1_formal_pending_R04,R02_input_20260905,Eunice;Franklin,2,False,False,1,model_fold1_G,all_valid,,OOF_date_group_diagnostic,log1p_C,0.6931471805599453,2.744453487177581,4.207857563569285
FREP-288171-Z,R04_B1_all_valid_v1,B1_formal_pending_R04,R02_input_20260905,Eunice;Franklin,2,False,False,1,model_fold1_G,all_valid,,OOF_date_group_diagnostic,log1p_C,4.454347296253507,2.6368852306381325,3.303168359950905
FREP-288178-Z,R04_B1_all_valid_v1,B1_formal_pending_R04,R02_input_20260905,Eunice,1,False,False,0,model_fold0_G,all_valid,,OOF_date_group_diagnostic,log1p_C,4.127134385045092,5.435285381640379,1.711259029893244
FREP-288179-Z,R04_B1_all_valid_v1,B1_formal_pending_R04,R02_input_20260905,Franklin,1,False,False,3,model_fold3_G,all_valid,,OOF_date_group_diagnostic,log1p_C,2.1972245773362196,3.3965708830862185,1.4384315611161698
FREP-288187-Z,R04_B1_all_valid_v1,B1_formal_pending_R04,R02_input_20260905,Eunice;Franklin,2,False,False,1,model_fold1_G,all_valid,,OOF_date_group_diagnostic,log1p_C,1.3862943611198906,2.8729274588538978,2.21007796727821
FREP-288201-Z,R04_B1_all_valid_v1,B1_formal_pending_R04,R02_input_20260905,Eunice;Franklin,2,False,False,1,model_fold1_G,all_valid,,OOF_date_group_diagnostic,log1p_C,2.772588722239781,2.7237233941410715,0.002387820290194547
FREP-288213-Z,R04_B1_all_valid_v1,B1_formal_pending_R04,R02_input_20260905,Franklin,1,False,False,3,model_fold3_G,all_valid,,OOF_date_group_diagnostic,log1p_C,1.3862943611198906,2.9237927970798077,2.363901440579191
FREP-288218-Z,R04_B1_all_valid_v1,B1_formal_pending_R04,R02_input_20260905,Eunice;Franklin,2,False,False,1,model_fold1_G,all_valid,,OOF_date_group_diagnostic,log1p_C,0.6931471805599453,2.7871331060620035,4.3847770562007105
FREP-288220-Z,R04_B1_all_valid_v1,B1_formal_pending_R04,R02_input_20260905,Eunice;Franklin,2,False,False,1,model_fold1_G,all_valid,,OOF_date_group_diagnostic,log1p_C,3.713572066704308,2.6861079461222745,1.0556825190834114
FREP-288224-Z,R04_B1_all_valid_v1,B1_formal_pending_R04,R02_input_20260905,Eunice;Franklin,2,False,False,1,model_fold1_G,all_valid,,OOF_date_group_diagnostic,log1p_C,0.6931471805599453,2.79521187120596,4.418675963660725
FREP-288227-Z,R04_B1_all_valid_v1,B1_formal_pending_R04,R02_input_20260905,Eunice;Franklin,2,False,False,1,model_fold1_G,all_valid,,OOF_date_group_diagnostic,log1p_C,1.6094379124341003,2.4341215954123427,0.6801031769705583
FREP-288229-Z,R04_B1_all_valid_v1,B1_formal_pending_R04,R02_input_20260905,Eunice;Franklin,2,False,False,1,model_fold1_G,all_valid,,OOF_date_group_diagnostic,log1p_C,3.1780538303479458,2.7450089837785674,0.18752783914029644
FREP-288231-Z,R04_B1_all_valid_v1,B1_formal_pending_R04,R02_input_20260905,Eunice;Franklin,2,False,False,1,model_fold1_G,all_valid,,OOF_date_group_diagnostic,log1p_C,1.791759469228055,2.7320510178589137,0.8841481964266186
FREP-288232-Z,R04_B1_all_valid_v1,B1_formal_pending_R04,R02_input_20260905,Eunice;Franklin,2,False,False,1,model_fold1_G,all_valid,,OOF_date_group_diagnostic,log1p_C,1.6094379124341003,2.942224188397782,1.7763192573971398
FREP-288235-Z,R04_B1_all_valid_v1,B1_formal_pending_R04,R02_input_20260905,Eunice;Franklin,2,False,False,1,model_fold1_G,all_valid,,OOF_date_group_diagnostic,log1p_C,4.290459441148391,2.344487745131749,3.7868058416978854
FREP-288236-Z,R04_B1_all_valid_v1,B1_formal_pending_R04,R02_input_20260905,Eunice;Franklin,2,False,False,1,model_fold1_G,all_valid,,OOF_date_group_diagnostic,log1p_C,6.483107351457199,2.676762380142402,14.48826204065344
FREP-288238-Z,R04_B1_all_valid_v1,B1_formal_pending_R04,R02_input_20260905,Eunice;Franklin,2,False,False,1,model_fold1_G,all_valid,,OOF_date_group_diagnostic,log1p_C,2.1972245773362196,3.0069753114266744,0.6556962513600305
FREP-288246-Z,R04_B1_all_valid_v1,B1_formal_pending_R04,R02_input_20260905,Eunice;Franklin,2,False,False,1,model_fold1_G,all_valid,,OOF_date_group_diagnostic,log1p_C,2.0794415416798357,2.791556806790507,0.5071081508036419
FREP-288248-Z,R04_B1_all_valid_v1,B1_formal_pending_R04,R02_input_20260905,Eunice;Franklin,2,False,False,1,model_fold1_G,all_valid,,OOF_date_group_diagnostic,log1p_C,5.814130531825066,2.6874317655970916,9.776245174731539
FREP-288251-Z,R04_B1_all_valid_v1,B1_formal_pending_R04,R02_input_20260905,Eunice;Franklin,2,False,False,1,model_fold1_G,all_valid,,OOF_date_group_diagnostic,log1p_C,7.188412736496954,2.6510338530549538,20.587807131905368
FREP-288257-Z,R04_B1_all_valid_v1,B1_formal_pending_R04,R02_input_20260905,Eunice;Franklin,2,False,False,1,model_fold1_G,all_valid,,OOF_date_group_diagnostic,log1p_C,0.6931471805599453,2.6457803790229013,3.8127764077396735
FREP-288263-Z,R04_B1_all_valid_v1,B1_formal_pending_R04,R02_input_20260905,Eunice,1,False,False,0,model_fold0_G,all_valid,,OOF_date_group_diagnostic,log1p_C,0.0,4.978514962423649,24.785611231076146
FREP-288273-Z,R04_B1_all_valid_v1,B1_formal_pending_R04,R02_input_20260905,Eunice;Franklin,2,False,False,1,model_fold1_G,all_valid,,OOF_date_group_diagnostic,log1p_C,1.3862943611198906,2.5577379519355787,1.3722800864631535
FREP-288276-Z,R04_B1_all_valid_v1,B1_formal_pending_R04,R02_input_20260905,Franklin,1,False,False,3,model_fold3_G,all_valid,,OOF_date_group_diagnostic,log1p_C,1.0986122886681098,2.867807196176338,3.1300506207530474
FREP-288287-Z,R04_B1_all_valid_v1,B1_formal_pending_R04,R02_input_20260905,Eunice;Franklin,2,False,False,1,model_fold1_G,all_valid,,OOF_date_group_diagnostic,log1p_C,0.6931471805599453,2.700631181174878,4.029992012724936
FREP-288288-Z,R04_B1_all_valid_v1,B1_formal_pending_R04,R02_input_20260905,Eunice;Franklin,2,False,False,1,model_fold1_G,all_valid,,OOF_date_group_diagnostic,log1p_C,1.3862943611198906,2.7786948263225426,1.9387790554965618
FREP-288291-Z,R04_B1_all_valid_v1,B1_formal_pending_R04,R02_input_20260905,Eunice;Franklin,2,False,False,1,model_fold1_G,all_valid,,OOF_date_group_diagnostic,log1p_C,0.6931471805599453,2.77007589368222,4.313632879391748
FREP-288292-Z,R04_B1_all_valid_v1,B1_formal_pending_R04,R02_input_20260905,Eunice;Franklin,2,False,False,1,model_fold1_G,all_valid,,OOF_date_group_diagnostic,log1p_C,6.4425401664681985,2.6892544064309534,14.08715399649836
FREP-288293-Z,R04_B1_all_valid_v1,B1_formal_pending_R04,R02_input_20260905,Franklin,1,False,False,4,model_fold4_G,all_valid,,OOF_date_group_diagnostic,log1p_C,3.6888794541139363,2.7885662767163044,0.8105638173958197
FREP-288310-Z,R04_B1_all_valid_v1,B1_formal_pending_R04,R02_input_20260905,Eunice;Franklin,2,False,False,1,model_fold1_G,all_valid,,OOF_date_group_diagnostic,log1p_C,0.6931471805599453,2.636020052575249,3.7747549968129936
FREP-288332-Z,R04_B1_all_valid_v1,B1_formal_pending_R04,R02_input_20260905,Eunice;Franklin,2,False,False,1,model_fold1_G,all_valid,,OOF_date_group_diagnostic,log1p_C,5.75890177387728,2.6457803790229013,9.691524819100074
FREP-288344-Z,R04_B1_all_valid_v1,B1_formal_pending_R04,R02_input_20260905,Eunice;Franklin,2,False,False,1,model_fold1_G,all_valid,,OOF_date_group_diagnostic,log1p_C,3.367295829986474,2.551324126488267,0.6658098209097659
FREP-288357-Z,R04_B1_all_valid_v1,B1_formal_pending_R04,R02_input_20260905,Eunice;Franklin,2,False,False,1,model_fold1_G,all_valid,,OOF_date_group_diagnostic,log1p_C,1.3862943611198906,2.4986968970428727,1.2374394019278816
FREP-288361-Z,R04_B1_all_valid_v1,B1_formal_pending_R04,R02_input_20260905,Eunice;Franklin,2,False,False,1,model_fold1_G,all_valid,,OOF_date_group_diagnostic,log1p_C,6.3080984415095305,2.511130768692384,14.416963508418457
FREP-288362-Z,R04_B1_all_valid_v1,B1_formal_pending_R04,R02_input_20260905,Eunice;Franklin,2,False,False,1,model_fold1_G,all_valid,,OOF_date_group_diagnostic,log1p_C,3.1354942159291497,2.6414986932082964,0.24403157646824902
FREP-288371-Z,R04_B1_all_valid_v1,B1_formal_pending_R04,R02_input_20260905,Eunice;Franklin,2,False,False,1,model_fold1_G,all_valid,,OOF_date_group_diagnostic,log1p_C,3.044522437723423,2.6075758290124265,0.19092233886404072
FREP-288373-Z,R04_B1_all_valid_v1,B1_formal_pending_R04,R02_input_20260905,Franklin,1,False,False,3,model_fold3_G,all_valid,,OOF_date_group_diagnostic,log1p_C,2.0794415416798357,2.6241051478748525,0.29665844391336027
FREP-288374-Z,R04_B1_all_valid_v1,B1_formal_pending_R04,R02_input_20260905,Eunice;Franklin,2,False,False,1,model_fold1_G,all_valid,,OOF_date_group_diagnostic,log1p_C,2.833213344056216,2.6562151192185652,0.03132837159567963
FREP-288422-Z,R04_B1_all_valid_v1,B1_formal_pending_R04,R02_input_20260905,Franklin,1,False,False,3,model_fold3_G,all_valid,,OOF_date_group_diagnostic,log1p_C,0.6931471805599453,2.735468739955413,4.171077351971534
FREP-288423-Z,R04_B1_all_valid_v1,B1_formal_pending_R04,R02_input_20260905,Franklin,1,False,False,3,model_fold3_G,all_valid,,OOF_date_group_diagnostic,log1p_C,5.991464547107982,2.7625566747212758,10.425846048360844
FREP-288437-Z,R04_B1_all_valid_v1,B1_formal_pending_R04,R02_input_20260905,Franklin,1,False,False,3,model_fold3_G,all_valid,,OOF_date_group_diagnostic,log1p_C,3.2188758248682006,3.0204893435254427,0.039357195979560396
FREP-288448-Z,R04_B1_all_valid_v1,B1_formal_pending_R04,R02_input_20260905,Franklin,1,False,False,3,model_fold3_G,all_valid,,OOF_date_group_diagnostic,log1p_C,3.8501476017100584,3.055868812028185,0.6308787957385018
FREP-288450-Z,R04_B1_all_valid_v1,B1_formal_pending_R04,R02_input_20260905,Franklin,1,False,False,3,model_fold3_G,all_valid,,OOF_date_group_diagnostic,log1p_C,1.9459101490553132,3.4302185806973147,2.2031715202435382
FREP-288462-Z,R04_B1_all_valid_v1,B1_formal_pending_R04,R02_input_20260905,Franklin,1,False,False,3,model_fold3_G,all_valid,,OOF_date_group_diagnostic,log1p_C,3.970291913552122,2.9814882158829095,0.9777327525243074
FREP-288463-Z,R04_B1_all_valid_v1,B1_formal_pending_R04,R02_input_20260905,Eunice,1,False,False,0,model_fold0_G,all_valid,,OOF_date_group_diagnostic,log1p_C,0.6931471805599453,3.5778030943880292,8.321239741183337
FREP-288465-Z,R04_B1_all_valid_v1,B1_formal_pending_R04,R02_input_20260905,Franklin,1,False,False,3,model_fold3_G,all_valid,,OOF_date_group_diagnostic,log1p_C,1.0986122886681098,2.969676494920096,3.500881263917376
FREP-288466-Z,R04_B1_all_valid_v1,B1_formal_pending_R04,R02_input_20260905,Franklin,1,False,False,3,model_fold3_G,all_valid,,OOF_date_group_diagnostic,log1p_C,2.70805020110221,3.178263636552652,0.2211006748781071
FREP-288468-Z,R04_B1_all_valid_v1,B1_formal_pending_R04,R02_input_20260905,Franklin,1,False,False,3,model_fold3_G,all_valid,,OOF_date_group_diagnostic,log1p_C,0.6931471805599453,2.938336329059347,5.040874312539468
FREP-288473-Z,R04_B1_all_valid_v1,B1_formal_pending_R04,R02_input_20260905,Franklin,1,False,False,3,model_fold3_G,all_valid,,OOF_date_group_diagnostic,log1p_C,2.5649493574615367,3.2189967755241224,0.42777802507433477
FREP-288478-Z,R04_B1_all_valid_v1,B1_formal_pending_R04,R02_input_20260905,Franklin,1,False,False,3,model_fold3_G,all_valid,,OOF_date_group_diagnostic,log1p_C,3.9889840465642745,2.9340808131987974,1.1128208317649382
FREP-288483-Z,R04_B1_all_valid_v1,B1_formal_pending_R04,R02_input_20260905,Franklin,1,False,False,3,model_fold3_G,all_valid,,OOF_date_group_diagnostic,log1p_C,0.6931471805599453,2.931807753186209,5.0116011594313505
FREP-288489-Z,R04_B1_all_valid_v1,B1_formal_pending_R04,R02_input_20260905,Franklin,1,False,False,3,model_fold3_G,all_valid,,OOF_date_group_diagnostic,log1p_C,1.0986122886681098,3.1904260953050128,4.375685001636771
FREP-288496-Z,R04_B1_all_valid_v1,B1_formal_pending_R04,R02_input_20260905,Franklin,1,False,False,3,model_fold3_G,all_valid,,OOF_date_group_diagnostic,log1p_C,6.787844982309579,2.9074783246815996,15.057245397630938
FREP-288500-Z,R04_B1_all_valid_v1,B1_formal_pending_R04,R02_input_20260905,Franklin,1,False,False,3,model_fold3_G,all_valid,,OOF_date_group_diagnostic,log1p_C,0.6931471805599453,3.007714398345438,5.357221405647276
FREP-288505-Z,R04_B1_all_valid_v1,B1_formal_pending_R04,R02_input_20260905,Franklin,1,False,False,3,model_fold3_G,all_valid,,OOF_date_group_diagnostic,log1p_C,5.902633333401366,3.0294844068513127,8.254984754135723
FREP-288506-Z,R04_B1_all_valid_v1,B1_formal_pending_R04,R02_input_20260905,Franklin,1,False,False,3,model_fold3_G,all_valid,,OOF_date_group_diagnostic,log1p_C,2.302585092994046,3.1520557593125553,0.7216004129356124
FREP-288514-Z,R04_B1_all_valid_v1,B1_formal_pending_R04,R02_input_20260905,Franklin,1,False,False,3,model_fold3_G,all_valid,,OOF_date_group_diagnostic,log1p_C,1.3862943611198906,3.0872193350743835,2.8931457670220926
FREP-288525-Z,R04_B1_all_valid_v1,B1_formal_pending_R04,R02_input_20260905,Franklin,1,False,False,3,model_fold3_G,all_valid,,OOF_date_group_diagnostic,log1p_C,3.8501476017100584,3.090381861762956,0.5772439795973682
FREP-288527-Z,R04_B1_all_valid_v1,B1_formal_pending_R04,R02_input_20260905,Franklin,1,False,False,3,model_fold3_G,all_valid,,OOF_date_group_diagnostic,log1p_C,0.6931471805599453,3.0401423267078997,5.508386216042058
FREP-288536-Z,R04_B1_all_valid_v1,B1_formal_pending_R04,R02_input_20260905,Franklin,1,False,False,3,model_fold3_G,all_valid,,OOF_date_group_diagnostic,log1p_C,4.532599493153256,3.00362899567442,2.3377507821606796
FREP-288549-Z,R04_B1_all_valid_v1,B1_formal_pending_R04,R02_input_20260905,Franklin,1,False,False,3,model_fold3_G,all_valid,,OOF_date_group_diagnostic,log1p_C,0.6931471805599453,3.187760826734625,6.223097243680931
FREP-288550-Z,R04_B1_all_valid_v1,B1_formal_pending_R04,R02_input_20260905,Eunice,1,False,False,0,model_fold0_G,all_valid,,OOF_date_group_diagnostic,log1p_C,0.6931471805599453,3.288042851242869,6.73348354172898
FREP-288553-Z,R04_B1_all_valid_v1,B1_formal_pending_R04,R02_input_20260905,Franklin,1,False,False,3,model_fold3_G,all_valid,,OOF_date_group_diagnostic,log1p_C,6.683360945766275,2.980461046961292,13.711467660569948
FREP-288558-Z,R04_B1_all_valid_v1,B1_formal_pending_R04,R02_input_20260905,Franklin,1,False,False,3,model_fold3_G,all_valid,,OOF_date_group_diagnostic,log1p_C,0.6931471805599453,3.0885923704157237,5.738157657603185
FREP-288560-Z,R04_B1_all_valid_v1,B1_formal_pending_R04,R02_input_20260905,Franklin,1,False,False,3,model_fold3_G,all_valid,,OOF_date_group_diagnostic,log1p_C,1.9459101490553132,3.2189967755241224,1.6207495584937333
FREP-288568-Z,R04_B1_all_valid_v1,B1_formal_pending_R04,R02_input_20260905,Franklin,1,False,False,3,model_fold3_G,all_valid,,OOF_date_group_diagnostic,log1p_C,1.0986122886681098,3.1776204416380422,4.322274900115451
FREP-288603-Z,R04_B1_all_valid_v1,B1_formal_pending_R04,R02_input_20260905,Franklin,1,False,False,3,model_fold3_G,all_valid,,OOF_date_group_diagnostic,log1p_C,1.6094379124341003,3.198161303456875,2.524042013182904
FREP-288604-Z,R04_B1_all_valid_v1,B1_formal_pending_R04,R02_input_20260905,Franklin,1,False,False,3,model_fold3_G,all_valid,,OOF_date_group_diagnostic,log1p_C,1.3862943611198906,3.085903057039839,2.888669719246708
FREP-288605-Z,R04_B1_all_valid_v1,B1_formal_pending_R04,R02_input_20260905,Franklin,1,False,False,3,model_fold3_G,all_valid,,OOF_date_group_diagnostic,log1p_C,5.940171252720432,2.9364407584689216,9.02239688209642
FREP-288627-Z,R04_B1_all_valid_v1,B1_formal_pending_R04,R02_input_20260905,Franklin,1,False,False,3,model_fold3_G,all_valid,,OOF_date_group_diagnostic,log1p_C,0.6931471805599453,3.3359598703603877,6.984458913370249
FREP-288633-Z,R04_B1_all_valid_v1,B1_formal_pending_R04,R02_input_20260905,Franklin,1,False,False,3,model_fold3_G,all_valid,,OOF_date_group_diagnostic,log1p_C,3.713572066704308,3.0674337925412076,0.4174946693384698
FREP-288638-Z,R04_B1_all_valid_v1,B1_formal_pending_R04,R02_input_20260905,Franklin,1,False,False,3,model_fold3_G,all_valid,,OOF_date_group_diagnostic,log1p_C,6.317164686747284,3.095269305098521,10.380609850289627
FREP-288641-Z,R04_B1_all_valid_v1,B1_formal_pending_R04,R02_input_20260905,Franklin,1,False,False,3,model_fold3_G,all_valid,,OOF_date_group_diagnostic,log1p_C,0.6931471805599453,3.210588164258574,6.337509106405518
FREP-288642-Z,R04_B1_all_valid_v1,B1_formal_pending_R04,R02_input_20260905,Franklin,1,False,False,3,model_fold3_G,all_valid,,OOF_date_group_diagnostic,log1p_C,0.6931471805599453,3.1139227721481224,5.860154464829089
FREP-288646-Z,R04_B1_all_valid_v1,B1_formal_pending_R04,R02_input_20260905,Franklin,1,False,False,3,model_fold3_G,all_valid,,OOF_date_group_diagnostic,log1p_C,0.6931471805599453,3.1325527812613347,5.950699684733306
FREP-288649-Z,R04_B1_all_valid_v1,B1_formal_pending_R04,R02_input_20260905,Franklin,1,False,False,3,model_fold3_G,all_valid,,OOF_date_group_diagnostic,log1p_C,4.382026634673881,3.22741610097951,1.333125484518001
FREP-288657-Z,R04_B1_all_valid_v1,B1_formal_pending_R04,R02_input_20260905,Franklin,1,False,False,3,model_fold3_G,all_valid,,OOF_date_group_diagnostic,log1p_C,0.6931471805599453,3.3795393689092,7.216702989623896
FREP-288670-Z,R04_B1_all_valid_v1,B1_formal_pending_R04,R02_input_20260905,Franklin,1,False,False,3,model_fold3_G,all_valid,,OOF_date_group_diagnostic,log1p_C,5.940171252720432,3.5764668137141546,5.5870986749779785
FREP-288682-Z,R04_B1_all_valid_v1,B1_formal_pending_R04,R02_input_20260905,Franklin,1,False,False,3,model_fold3_G,all_valid,,OOF_date_group_diagnostic,log1p_C,6.210600077024653,3.231906849254528,8.872613345163604
FREP-288686-Z,R04_B1_all_valid_v1,B1_formal_pending_R04,R02_input_20260905,Franklin,1,False,False,3,model_fold3_G,all_valid,,OOF_date_group_diagnostic,log1p_C,5.973809611869261,3.2715268503970285,7.302332122949996
FREP-288688-Z,R04_B1_all_valid_v1,B1_formal_pending_R04,R02_input_20260905,Franklin,1,False,False,4,model_fold4_G,all_valid,,OOF_date_group_diagnostic,log1p_C,0.6931471805599453,3.069963628807247,5.649256428658918
FREP-288689-Z,R04_B1_all_valid_v1,B1_formal_pending_R04,R02_input_20260905,Franklin,1,False,False,3,model_fold3_G,all_valid,,OOF_date_group_diagnostic,log1p_C,0.6931471805599453,3.2363904682244624,6.468086420250621
FREP-288694-Z,R04_B1_all_valid_v1,B1_formal_pending_R04,R02_input_20260905,Eunice,1,False,False,0,model_fold0_G,all_valid,,OOF_date_group_diagnostic,log1p_C,0.6931471805599453,3.8684873080923854,10.082784925517732
FREP-288696-Z,R04_B1_all_valid_v1,B1_formal_pending_R04,R02_input_20260905,Franklin,1,False,False,3,model_fold3_G,all_valid,,OOF_date_group_diagnostic,log1p_C,7.701200180857446,3.286982303554224,19.48531946830337
FREP-288712-Z,R04_B1_all_valid_v1,B1_formal_pending_R04,R02_input_20260905,Franklin,1,False,False,3,model_fold3_G,all_valid,,OOF_date_group_diagnostic,log1p_C,6.1092475827643655,3.2652274942273363,8.088450264002171
FREP-288713-Z,R04_B1_all_valid_v1,B1_formal_pending_R04,R02_input_20260905,Eunice,1,False,False,0,model_fold0_G,all_valid,,OOF_date_group_diagnostic,log1p_C,5.8971538676367405,4.247559099214376,2.721162900006434
FREP-288717-Z,R04_B1_all_valid_v1,B1_formal_pending_R04,R02_input_20260905,Franklin,1,False,False,3,model_fold3_G,all_valid,,OOF_date_group_diagnostic,log1p_C,0.6931471805599453,3.467828742823597,7.6988577719658595
FREP-288721-Z,R04_B1_all_valid_v1,B1_formal_pending_R04,R02_input_20260905,Franklin,1,False,False,3,model_fold3_G,all_valid,,OOF_date_group_diagnostic,log1p_C,4.718498871295094,3.3960968038022323,1.7487472281093954
FREP-288724-Z,R04_B1_all_valid_v1,B1_formal_pending_R04,R02_input_20260905,Franklin,1,False,False,3,model_fold3_G,all_valid,,OOF_date_group_diagnostic,log1p_C,4.31748811353631,3.5146037489049307,0.6446233029695339
FREP-288727-Z,R04_B1_all_valid_v1,B1_formal_pending_R04,R02_input_20260905,Franklin,1,False,False,3,model_fold3_G,all_valid,,OOF_date_group_diagnostic,log1p_C,0.6931471805599453,3.373676775195671,7.185238907717967
FREP-288746-Z,R04_B1_all_valid_v1,B1_formal_pending_R04,R02_input_20260905,Franklin,1,False,False,3,model_fold3_G,all_valid,,OOF_date_group_diagnostic,log1p_C,6.324358962381311,3.4992835239040114,7.9810512330877055
FREP-288754-Z,R04_B1_all_valid_v1,B1_formal_pending_R04,R02_input_20260905,Franklin,1,False,False,3,model_fold3_G,all_valid,,OOF_date_group_diagnostic,log1p_C,3.1354942159291497,3.372913047973084,0.056367701809106004
FREP-288757-Z,R04_B1_all_valid_v1,B1_formal_pending_R04,R02_input_20260905,Franklin,1,False,False,3,model_fold3_G,all_valid,,OOF_date_group_diagnostic,log1p_C,0.6931471805599453,3.27384687121925,6.66001089336903
FREP-288761-Z,R04_B1_all_valid_v1,B1_formal_pending_R04,R02_input_20260905,Franklin,1,False,False,3,model_fold3_G,all_valid,,OOF_date_group_diagnostic,log1p_C,4.189654742026425,3.5311972891174794,0.4335662172913365
FREP-288763-Z,R04_B1_all_valid_v1,B1_formal_pending_R04,R02_input_20260905,Franklin,1,False,False,3,model_fold3_G,all_valid,,OOF_date_group_diagnostic,log1p_C,5.814130531825066,3.4876489073744232,5.412516748906502
FREP-288767-Z,R04_B1_all_valid_v1,B1_formal_pending_R04,R02_input_20260905,Franklin,1,False,False,3,model_fold3_G,all_valid,,OOF_date_group_diagnostic,log1p_C,6.0014148779611505,3.4598323729544114,6.459641629756331
FREP-288768-Z,R04_B1_all_valid_v1,B1_formal_pending_R04,R02_input_20260905,Franklin,1,False,False,3,model_fold3_G,all_valid,,OOF_date_group_diagnostic,log1p_C,7.246368080102461,2.862735669914344,19.21623310765168
FREP-288779-Z,R04_B1_all_valid_v1,B1_formal_pending_R04,R02_input_20260905,Franklin,1,False,False,3,model_fold3_G,all_valid,,OOF_date_group_diagnostic,log1p_C,0.6931471805599453,3.3306353453619626,6.956343819470713
FREP-288781-Z,R04_B1_all_valid_v1,B1_formal_pending_R04,R02_input_20260905,Eunice,1,False,False,0,model_fold0_G,all_valid,,OOF_date_group_diagnostic,log1p_C,2.4849066497880004,5.157970084886958,7.145268128063037
FREP-288782-Z,R04_B1_all_valid_v1,B1_formal_pending_R04,R02_input_20260905,Franklin,1,False,False,3,model_fold3_G,all_valid,,OOF_date_group_diagnostic,log1p_C,7.360103972989152,3.4598323729544114,15.212118554037556
FREP-288786-Z,R04_B1_all_valid_v1,B1_formal_pending_R04,R02_input_20260905,Franklin,1,False,False,3,model_fold3_G,all_valid,,OOF_date_group_diagnostic,log1p_C,6.97166860472579,3.485078061286417,12.15631361760086
FREP-288791-Z,R04_B1_all_valid_v1,B1_formal_pending_R04,R02_input_20260905,Franklin,1,False,False,3,model_fold3_G,all_valid,,OOF_date_group_diagnostic,log1p_C,0.0,3.4294457025593865,11.761097826803045
FREP-288793-Z,R04_B1_all_valid_v1,B1_formal_pending_R04,R02_input_20260905,Franklin,1,False,False,3,model_fold3_G,all_valid,,OOF_date_group_diagnostic,log1p_C,6.284134161070802,3.5095789206679506,7.698156782046924
FREP-288796-Z,R04_B1_all_valid_v1,B1_formal_pending_R04,R02_input_20260905,Franklin,1,False,False,3,model_fold3_G,all_valid,,OOF_date_group_diagnostic,log1p_C,6.059123195581797,3.4598323729544114,6.756312780594949
FREP-288797-Z,R04_B1_all_valid_v1,B1_formal_pending_R04,R02_input_20260905,Franklin,1,False,False,3,model_fold3_G,all_valid,,OOF_date_group_diagnostic,log1p_C,5.384495062789089,3.4294457025593865,3.8222180009345683
FREP-288810-Z,R04_B1_all_valid_v1,B1_formal_pending_R04,R02_input_20260905,Franklin,1,False,False,3,model_fold3_G,all_valid,,OOF_date_group_diagnostic,log1p_C,4.969813299576001,3.377421866145736,2.535710477262093
FREP-288817-Z,R04_B1_all_valid_v1,B1_formal_pending_R04,R02_input_20260905,Franklin,1,False,False,3,model_fold3_G,all_valid,,OOF_date_group_diagnostic,log1p_C,6.635946555686647,3.645912596577189,8.940303076627778
FREP-288823-Z,R04_B1_all_valid_v1,B1_formal_pending_R04,R02_input_20260905,Franklin,1,False,False,3,model_fold3_G,all_valid,,OOF_date_group_diagnostic,log1p_C,6.587550014824796,3.645912596577189,8.653230700434445
FREP-288830-Z,R04_B1_all_valid_v1,B1_formal_pending_R04,R02_input_20260905,Franklin,1,False,False,3,model_fold3_G,all_valid,,OOF_date_group_diagnostic,log1p_C,5.6131281063880705,3.5370883407692824,4.309941108430513
FREP-288831-Z,R04_B1_all_valid_v1,B1_formal_pending_R04,R02_input_20260905,Franklin,1,False,False,3,model_fold3_G,all_valid,,OOF_date_group_diagnostic,log1p_C,5.8805329864007,3.4209843624654006,6.049379433502026
FREP-288833-Z,R04_B1_all_valid_v1,B1_formal_pending_R04,R02_input_20260905,Franklin,1,False,False,3,model_fold3_G,all_valid,,OOF_date_group_diagnostic,log1p_C,0.0,3.6403762036461518,13.252338904073168
FREP-288834-Z,R04_B1_all_valid_v1,B1_formal_pending_R04,R02_input_20260905,Franklin,1,False,False,3,model_fold3_G,all_valid,,OOF_date_group_diagnostic,log1p_C,2.70805020110221,3.489573054189823,0.6107779698982024
FREP-288848-Z,R04_B1_all_valid_v1,B1_formal_pending_R04,R02_input_20260905,Franklin,1,False,False,3,model_fold3_G,all_valid,,OOF_date_group_diagnostic,log1p_C,0.6931471805599453,2.9168565103095614,4.944883183215486
FREP-288861-Z,R04_B1_all_valid_v1,B1_formal_pending_R04,R02_input_20260905,Franklin,1,False,False,3,model_fold3_G,all_valid,,OOF_date_group_diagnostic,log1p_C,2.70805020110221,3.067101593301136,0.12891790223998684
FREP-288862-Z,R04_B1_all_valid_v1,B1_formal_pending_R04,R02_input_20260905,Franklin,1,False,False,3,model_fold3_G,all_valid,,OOF_date_group_diagnostic,log1p_C,3.367295829986474,2.99079549441807,0.14175250268312098
FREP-288866-Z,R04_B1_all_valid_v1,B1_formal_pending_R04,R02_input_20260905,Franklin,1,False,False,3,model_fold3_G,all_valid,,OOF_date_group_diagnostic,log1p_C,6.946013991099227,3.85712583220632,9.541230058148814
FREP-288875-Z,R04_B1_all_valid_v1,B1_formal_pending_R04,R02_input_20260905,Franklin,1,False,False,3,model_fold3_G,all_valid,,OOF_date_group_diagnostic,log1p_C,3.1780538303479458,3.3547452895309995,0.031219871748236743
FREP-288890-Z,R04_B1_all_valid_v1,B1_formal_pending_R04,R02_input_20260905,Franklin,1,False,False,3,model_fold3_G,all_valid,,OOF_date_group_diagnostic,log1p_C,4.672828834461906,3.1312445120787333,2.376482223017585
FREP-288893-Z,R04_B1_all_valid_v1,B1_formal_pending_R04,R02_input_20260905,Franklin,1,False,False,3,model_fold3_G,all_valid,,OOF_date_group_diagnostic,log1p_C,0.6931471805599453,3.3525220002797007,7.072274431759481
FREP-288903-Z,R04_B1_all_valid_v1,B1_formal_pending_R04,R02_input_20260905,Franklin,1,False,False,3,model_fold3_G,all_valid,,OOF_date_group_diagnostic,log1p_C,6.900730664045173,3.4219524411725906,12.101897923932523
FREP-288906-Z,R04_B1_all_valid_v1,B1_formal_pending_R04,R02_input_20260905,Franklin,1,False,False,3,model_fold3_G,all_valid,,OOF_date_group_diagnostic,log1p_C,0.0,3.3043158084789948,10.918502962164192
FREP-288925-Z,R04_B1_all_valid_v1,B1_formal_pending_R04,R02_input_20260905,Franklin,1,False,False,3,model_fold3_G,all_valid,,OOF_date_group_diagnostic,log1p_C,7.383989457978509,3.4076402308734335,15.811353175899132
FREP-288933-Z,R04_B1_all_valid_v1,B1_formal_pending_R04,R02_input_20260905,Franklin,1,False,False,3,model_fold3_G,all_valid,,OOF_date_group_diagnostic,log1p_C,1.0986122886681098,2.844340406584028,3.0475666616822545
FREP-288941-Z,R04_B1_all_valid_v1,B1_formal_pending_R04,R02_input_20260905,Eunice,1,False,False,0,model_fold0_G,all_valid,,OOF_date_group_diagnostic,log1p_C,2.70805020110221,4.777715954743001,4.2835163317935026
FREP-288943-Z,R04_B1_all_valid_v1,B1_formal_pending_R04,R02_input_20260905,Franklin,1,False,False,3,model_fold3_G,all_valid,,OOF_date_group_diagnostic,log1p_C,2.0794415416798357,2.7975808914747966,0.5157241257239291
FREP-288951-Z,R04_B1_all_valid_v1,B1_formal_pending_R04,R02_input_20260905,Franklin,1,False,False,3,model_fold3_G,all_valid,,OOF_date_group_diagnostic,log1p_C,5.749392985908253,3.6609579490902724,4.361560903008921
FREP-288975-Z,R04_B1_all_valid_v1,B1_formal_pending_R04,R02_input_20260905,Franklin,1,False,False,3,model_fold3_G,all_valid,,OOF_date_group_diagnostic,log1p_C,6.025865973825314,2.6504647646000605,11.393333323239304
FREP-288983-Z,R04_B1_all_valid_v1,B1_formal_pending_R04,R02_input_20260905,Franklin,1,False,False,3,model_fold3_G,all_valid,,OOF_date_group_diagnostic,log1p_C,3.044522437723423,2.851256119346638,0.03735186981891678
FREP-289004-Z,R04_B1_all_valid_v1,B1_formal_pending_R04,R02_input_20260905,Franklin,1,False,False,3,model_fold3_G,all_valid,,OOF_date_group_diagnostic,log1p_C,5.929589143389895,2.8419490642298246,9.533521258435604
FREP-289013-Z,R04_B1_all_valid_v1,B1_formal_pending_R04,R02_input_20260905,Franklin,1,False,False,3,model_fold3_G,all_valid,,OOF_date_group_diagnostic,log1p_C,0.6931471805599453,3.1333496161507406,5.954587926663249
FREP-289047-Z,R04_B1_all_valid_v1,B1_formal_pending_R04,R02_input_20260905,Franklin,1,False,False,3,model_fold3_G,all_valid,,OOF_date_group_diagnostic,log1p_C,7.057897937411856,3.0642891472869924,15.948911168562578
FREP-289057-Z,R04_B1_all_valid_v1,B1_formal_pending_R04,R02_input_20260905,Franklin,1,False,False,3,model_fold3_G,all_valid,,OOF_date_group_diagnostic,log1p_C,2.1972245773362196,3.021820491323262,0.6799584213641259
FREP-289061-Z,R04_B1_all_valid_v1,B1_formal_pending_R04,R02_input_20260905,Franklin,1,False,False,4,model_fold4_G,all_valid,,OOF_date_group_diagnostic,log1p_C,2.1972245773362196,2.948373273778892,0.5642243641675263
FREP-289078-Z,R04_B1_all_valid_v1,B1_formal_pending_R04,R02_input_20260905,Franklin,1,False,False,3,model_fold3_G,all_valid,,OOF_date_group_diagnostic,log1p_C,6.246106765481563,3.1292527599427062,9.714778891843615
FREP-289079-Z,R04_B1_all_valid_v1,B1_formal_pending_R04,R02_input_20260905,Franklin,1,False,False,3,model_fold3_G,all_valid,,OOF_date_group_diagnostic,log1p_C,1.0986122886681098,2.964830877205707,3.482771820203261
FREP-289088-Z,R04_B1_all_valid_v1,B1_formal_pending_R04,R02_input_20260905,Franklin,1,False,False,3,model_fold3_G,all_valid,,OOF_date_group_diagnostic,log1p_C,3.58351893845611,3.1146564058578945,0.2198320744744126
FREP-289102-Z,R04_B1_all_valid_v1,B1_formal_pending_R04,R02_input_20260905,Franklin,1,False,False,3,model_fold3_G,all_valid,,OOF_date_group_diagnostic,log1p_C,1.0986122886681098,2.570823599719598,2.1674061443879413
FREP-289112-Z,R04_B1_all_valid_v1,B1_formal_pending_R04,R02_input_20260905,Franklin,1,False,False,3,model_fold3_G,all_valid,,OOF_date_group_diagnostic,log1p_C,6.42648845745769,3.19616767129413,10.434972381520362
FREP-289119-Z,R04_B1_all_valid_v1,B1_formal_pending_R04,R02_input_20260905,Franklin,1,False,False,3,model_fold3_G,all_valid,,OOF_date_group_diagnostic,log1p_C,0.6931471805599453,3.0460278662952933,5.536047521306441
FREP-289120-Z,R04_B1_all_valid_v1,B1_formal_pending_R04,R02_input_20260905,Franklin,1,False,False,3,model_fold3_G,all_valid,,OOF_date_group_diagnostic,log1p_C,1.3862943611198906,3.009879132744658,2.6360275106518487
FREP-289131-Z,R04_B1_all_valid_v1,B1_formal_pending_R04,R02_input_20260905,Franklin,1,False,False,3,model_fold3_G,all_valid,,OOF_date_group_diagnostic,log1p_C,5.332718793265369,3.1060492106462885,4.95805743016103
FREP-289132-Z,R04_B1_all_valid_v1,B1_formal_pending_R04,R02_input_20260905,Franklin,1,False,False,3,model_fold3_G,all_valid,,OOF_date_group_diagnostic,log1p_C,4.852030263919617,3.1060492106462885,3.048449838389441
FREP-289136-Z,R04_B1_all_valid_v1,B1_formal_pending_R04,R02_input_20260905,Franklin,1,False,False,3,model_fold3_G,all_valid,,OOF_date_group_diagnostic,log1p_C,6.79794041297493,3.1060492106462885,13.630060649831625
FREP-289147-Z,R04_B1_all_valid_v1,B1_formal_pending_R04,R02_input_20260905,Franklin,1,False,False,3,model_fold3_G,all_valid,,OOF_date_group_diagnostic,log1p_C,6.52795791762255,3.1060492106462885,11.709459198879951
FREP-289155-Z,R04_B1_all_valid_v1,B1_formal_pending_R04,R02_input_20260905,Franklin,1,False,False,3,model_fold3_G,all_valid,,OOF_date_group_diagnostic,log1p_C,1.791759469228055,3.0033222963992094,1.4678844841829608
FREP-289161-Z,R04_B1_all_valid_v1,B1_formal_pending_R04,R02_input_20260905,Franklin,1,False,False,3,model_fold3_G,all_valid,,OOF_date_group_diagnostic,log1p_C,6.966967138613983,3.2241308513715863,14.008823473098447
FREP-289176-Z,R04_B1_all_valid_v1,B1_formal_pending_R04,R02_input_20260905,Franklin,1,False,False,3,model_fold3_G,all_valid,,OOF_date_group_diagnostic,log1p_C,2.70805020110221,3.145692068435129,0.19153040404264426
FREP-289201-Z,R04_B1_all_valid_v1,B1_formal_pending_R04,R02_input_20260905,Franklin,1,False,False,3,model_fold3_G,all_valid,,OOF_date_group_diagnostic,log1p_C,1.0986122886681098,3.102643091864422,4.016139460159657
FREP-289207-Z,R04_B1_all_valid_v1,B1_formal_pending_R04,R02_input_20260905,Franklin,1,False,False,3,model_fold3_G,all_valid,,OOF_date_group_diagnostic,log1p_C,0.6931471805599453,3.080297788210474,5.698488023606288
FREP-289212-Z,R04_B1_all_valid_v1,B1_formal_pending_R04,R02_input_20260905,Franklin,1,False,False,3,model_fold3_G,all_valid,,OOF_date_group_diagnostic,log1p_C,6.255750041753367,3.0051259664408287,10.566556879001494
FREP-289218-Z,R04_B1_all_valid_v1,B1_formal_pending_R04,R02_input_20260905,Franklin,1,False,False,3,model_fold3_G,all_valid,,OOF_date_group_diagnostic,log1p_C,1.791759469228055,3.1149963807162564,1.7509559239248342
FREP-289225-Z,R04_B1_all_valid_v1,B1_formal_pending_R04,R02_input_20260905,Franklin,1,False,False,3,model_fold3_G,all_valid,,OOF_date_group_diagnostic,log1p_C,0.6931471805599453,2.96866203717795,5.1779678626892585
FREP-289240-Z,R04_B1_all_valid_v1,B1_formal_pending_R04,R02_input_20260905,Franklin,1,False,False,3,model_fold3_G,all_valid,,OOF_date_group_diagnostic,log1p_C,3.091042453358316,3.009569048253749,0.006637915739332905
FREP-289241-Z,R04_B1_all_valid_v1,B1_formal_pending_R04,R02_input_20260905,Franklin,1,False,False,3,model_fold3_G,all_valid,,OOF_date_group_diagnostic,log1p_C,5.147494476813453,2.9595175957941797,4.787242831874826
FREP-289261-Z,R04_B1_all_valid_v1,B1_formal_pending_R04,R02_input_20260905,Franklin,1,False,False,3,model_fold3_G,all_valid,,OOF_date_group_diagnostic,log1p_C,2.70805020110221,3.017427270000853,0.09571417076031558
FREP-289266-Z,R04_B1_all_valid_v1,B1_formal_pending_R04,R02_input_20260905,Franklin,1,False,False,3,model_fold3_G,all_valid,,OOF_date_group_diagnostic,log1p_C,0.6931471805599453,3.1741978005062177,6.155612178735782
FREP-289363-Z,R04_B1_all_valid_v1,B1_formal_pending_R04,R02_input_20260905,Franklin,1,False,False,3,model_fold3_G,all_valid,,OOF_date_group_diagnostic,log1p_C,5.645446897643238,3.234438993729231,5.812959112735813
FREP-289368-Z,R04_B1_all_valid_v1,B1_formal_pending_R04,R02_input_20260905,Franklin,1,False,False,3,model_fold3_G,all_valid,,OOF_date_group_diagnostic,log1p_C,2.70805020110221,2.733900043298895,0.0006682143415935085
FREP-289381-Z,R04_B1_all_valid_v1,B1_formal_pending_R04,R02_input_20260905,Franklin,1,False,False,3,model_fold3_G,all_valid,,OOF_date_group_diagnostic,log1p_C,5.2832037287379885,3.285522616192693,3.9907298274202088
FREP-289385-Z,R04_B1_all_valid_v1,B1_formal_pending_R04,R02_input_20260905,Franklin,1,False,False,3,model_fold3_G,all_valid,,OOF_date_group_diagnostic,log1p_C,4.060443010546419,3.0035133212182674,1.1171003681833032
FREP-289391-Z,R04_B1_all_valid_v1,B1_formal_pending_R04,R02_input_20260905,Franklin,1,False,False,3,model_fold3_G,all_valid,,OOF_date_group_diagnostic,log1p_C,2.302585092994046,3.247036438077562,0.8919883432300625
FREP-289399-Z,R04_B1_all_valid_v1,B1_formal_pending_R04,R02_input_20260905,Franklin,1,False,False,3,model_fold3_G,all_valid,,OOF_date_group_diagnostic,log1p_C,6.16541785423142,3.165043382756804,9.002246969076584
FREP-289410-Z,R04_B1_all_valid_v1,B1_formal_pending_R04,R02_input_20260905,Franklin,1,False,False,3,model_fold3_G,all_valid,,OOF_date_group_diagnostic,log1p_C,6.257667587882639,2.999920425689146,10.612916572779756
FREP-289458-Z,R04_B1_all_valid_v1,B1_formal_pending_R04,R02_input_20260905,Franklin,1,False,False,3,model_fold3_G,all_valid,,OOF_date_group_diagnostic,log1p_C,0.6931471805599453,3.144540086596344,6.009327179765579
FREP-289462-Z,R04_B1_all_valid_v1,B1_formal_pending_R04,R02_input_20260905,Franklin,1,False,False,3,model_fold3_G,all_valid,,OOF_date_group_diagnostic,log1p_C,1.3862943611198906,3.167547043848417,3.1728611197275716
FREP-289504-Z,R04_B1_all_valid_v1,B1_formal_pending_R04,R02_input_20260905,Franklin,1,False,False,3,model_fold3_G,all_valid,,OOF_date_group_diagnostic,log1p_C,0.6931471805599453,2.98617644428434,5.257983204296439
FREP-289505-Z,R04_B1_all_valid_v1,B1_formal_pending_R04,R02_input_20260905,Franklin,1,False,False,4,model_fold4_G,all_valid,,OOF_date_group_diagnostic,log1p_C,5.713732805509369,2.855899777654396,8.167209615098722
FREP-289507-Z,R04_B1_all_valid_v1,B1_formal_pending_R04,R02_input_20260905,Eunice,1,False,False,0,model_fold0_G,all_valid,,OOF_date_group_diagnostic,log1p_C,0.6931471805599453,4.346718579361771,13.34858396614273
FREP-289520-Z,R04_B1_all_valid_v1,B1_formal_pending_R04,R02_input_20260905,Franklin,1,False,False,3,model_fold3_G,all_valid,,OOF_date_group_diagnostic,log1p_C,1.0986122886681098,2.9377673604247776,3.382491377968274
FREP-289532-Z,R04_B1_all_valid_v1,B1_formal_pending_R04,R02_input_20260905,Franklin,1,False,False,3,model_fold3_G,all_valid,,OOF_date_group_diagnostic,log1p_C,3.6109179126442243,3.013013371189556,0.3574898406921173
FREP-289542-Z,R04_B1_all_valid_v1,B1_formal_pending_R04,R02_input_20260905,Franklin,1,False,False,3,model_fold3_G,all_valid,,OOF_date_group_diagnostic,log1p_C,0.6931471805599453,2.8478978958868666,4.6429506452018785
FREP-289544-Z,R04_B1_all_valid_v1,B1_formal_pending_R04,R02_input_20260905,Franklin,1,False,False,3,model_fold3_G,all_valid,,OOF_date_group_diagnostic,log1p_C,0.6931471805599453,2.9030651101422325,4.883737255489263
FREP-289591-Z,R04_B1_all_valid_v1,B1_formal_pending_R04,R02_input_20260905,Franklin,1,False,False,3,model_fold3_G,all_valid,,OOF_date_group_diagnostic,log1p_C,1.0986122886681098,2.7850438156310093,2.844051295134417
FREP-289592-Z,R04_B1_all_valid_v1,B1_formal_pending_R04,R02_input_20260905,Franklin,1,False,False,3,model_fold3_G,all_valid,,OOF_date_group_diagnostic,log1p_C,5.062595033026967,2.6455418435754097,5.8421461206379455
FREP-289621-Z,R04_B1_all_valid_v1,B1_formal_pending_R04,R02_input_20260905,Eunice,1,False,False,0,model_fold0_G,all_valid,,OOF_date_group_diagnostic,log1p_C,0.0,5.200955673270712,27.049939915326803
FREP-289622-Z,R04_B1_all_valid_v1,B1_formal_pending_R04,R02_input_20260905,Franklin,1,False,False,3,model_fold3_G,all_valid,,OOF_date_group_diagnostic,log1p_C,0.6931471805599453,2.597480878881798,3.6264868345641847
FREP-289642-Z,R04_B1_all_valid_v1,B1_formal_pending_R04,R02_input_20260905,Franklin,1,False,False,3,model_fold3_G,all_valid,,OOF_date_group_diagnostic,log1p_C,1.6094379124341003,2.6035075331548443,0.9881744108398839
FREP-289655-Z,R04_B1_all_valid_v1,B1_formal_pending_R04,R02_input_20260905,Franklin,1,False,False,3,model_fold3_G,all_valid,,OOF_date_group_diagnostic,log1p_C,0.6931471805599453,2.6107811881138345,3.677320186927189
FREP-289658-Z,R04_B1_all_valid_v1,B1_formal_pending_R04,R02_input_20260905,Franklin,1,False,False,3,model_fold3_G,all_valid,,OOF_date_group_diagnostic,log1p_C,2.4849066497880004,2.9312510485544627,0.19922332231019477
FREP-289659-Z,R04_B1_all_valid_v1,B1_formal_pending_R04,R02_input_20260905,Franklin,1,False,False,4,model_fold4_G,all_valid,,OOF_date_group_diagnostic,log1p_C,0.6931471805599453,2.8168534614301466,4.510128367407542
FREP-289662-Z,R04_B1_all_valid_v1,B1_formal_pending_R04,R02_input_20260905,Franklin,1,False,False,3,model_fold3_G,all_valid,,OOF_date_group_diagnostic,log1p_C,0.0,2.5470835784835972,6.487634755780808
FREP-289670-Z,R04_B1_all_valid_v1,B1_formal_pending_R04,R02_input_20260905,Franklin,1,False,False,3,model_fold3_G,all_valid,,OOF_date_group_diagnostic,log1p_C,2.8903717578961645,2.561876594718671,0.10790907223100808
FREP-289687-Z,R04_B1_all_valid_v1,B1_formal_pending_R04,R02_input_20260905,Franklin,1,False,False,3,model_fold3_G,all_valid,,OOF_date_group_diagnostic,log1p_C,2.833213344056216,2.694328722493538,0.019288938106608346
FREP-289688-Z,R04_B1_all_valid_v1,B1_formal_pending_R04,R02_input_20260905,Franklin,1,False,False,3,model_fold3_G,all_valid,,OOF_date_group_diagnostic,log1p_C,3.8501476017100584,2.5676484982061054,1.6448039504884433
FREP-289700-Z,R04_B1_all_valid_v1,B1_formal_pending_R04,R02_input_20260905,Eunice,1,False,False,0,model_fold0_G,all_valid,,OOF_date_group_diagnostic,log1p_C,0.0,4.323176941900813,18.68985887098286
FREP-289702-Z,R04_B1_all_valid_v1,B1_formal_pending_R04,R02_input_20260905,Eunice,1,False,False,0,model_fold0_G,all_valid,,OOF_date_group_diagnostic,log1p_C,1.3862943611198906,4.288708645645025,8.424008679015548
FREP-289707-Z,R04_B1_all_valid_v1,B1_formal_pending_R04,R02_input_20260905,Eunice,1,False,False,0,model_fold0_G,all_valid,,OOF_date_group_diagnostic,log1p_C,5.950642552587727,4.3068151823179655,2.702168423247999
FREP-289708-Z,R04_B1_all_valid_v1,B1_formal_pending_R04,R02_input_20260905,Franklin,1,False,False,3,model_fold3_G,all_valid,,OOF_date_group_diagnostic,log1p_C,0.6931471805599453,2.6567297229565967,3.855656400804897
FREP-289709-Z,R04_B1_all_valid_v1,B1_formal_pending_R04,R02_input_20260905,Franklin,1,False,False,3,model_fold3_G,all_valid,,OOF_date_group_diagnostic,log1p_C,3.332204510175204,2.6103474385255923,0.5210776318905525
FREP-289710-Z,R04_B1_all_valid_v1,B1_formal_pending_R04,R02_input_20260905,Franklin,1,False,False,3,model_fold3_G,all_valid,,OOF_date_group_diagnostic,log1p_C,5.402677381872279,3.26850316873974,4.554699571999894
FREP-289717-Z,R04_B1_all_valid_v1,B1_formal_pending_R04,R02_input_20260905,Franklin,1,False,False,3,model_fold3_G,all_valid,,OOF_date_group_diagnostic,log1p_C,0.6931471805599453,2.679654806641947,3.9462125484819506
FREP-289726-Z,R04_B1_all_valid_v1,B1_formal_pending_R04,R02_input_20260905,Franklin,1,False,False,3,model_fold3_G,all_valid,,OOF_date_group_diagnostic,log1p_C,0.6931471805599453,2.7969230576668065,4.425872941096743
FREP-289728-Z,R04_B1_all_valid_v1,B1_formal_pending_R04,R02_input_20260905,Franklin,1,False,False,3,model_fold3_G,all_valid,,OOF_date_group_diagnostic,log1p_C,0.0,2.6343818557289205,6.939967761793751
FREP-289740-Z,R04_B1_all_valid_v1,B1_formal_pending_R04,R02_input_20260905,Franklin,1,False,False,3,model_fold3_G,all_valid,,OOF_date_group_diagnostic,log1p_C,0.6931471805599453,3.1292527599427062,5.934610393899817
FREP-289744-Z,R04_B1_all_valid_v1,B1_formal_pending_R04,R02_input_20260905,Franklin,1,False,False,3,model_fold3_G,all_valid,,OOF_date_group_diagnostic,log1p_C,5.043425116919247,2.7427411829695303,5.293146563934344
FREP-289747-Z,R04_B1_all_valid_v1,B1_formal_pending_R04,R02_input_20260905,Franklin,1,False,False,3,model_fold3_G,all_valid,,OOF_date_group_diagnostic,log1p_C,0.0,2.7427411829695303,7.522629196757099
FREP-289756-Z,R04_B1_all_valid_v1,B1_formal_pending_R04,R02_input_20260905,Eunice,1,False,False,0,model_fold0_G,all_valid,,OOF_date_group_diagnostic,log1p_C,6.302618975744905,3.351387882840309,8.709764963726856
FREP-289758-Z,R04_B1_all_valid_v1,B1_formal_pending_R04,R02_input_20260905,Eunice,1,False,False,0,model_fold0_G,all_valid,,OOF_date_group_diagnostic,log1p_C,4.30406509320417,3.1982055960908458,1.2229252273557347
FREP-289759-Z,R04_B1_all_valid_v1,B1_formal_pending_R04,R02_input_20260905,Eunice,1,False,False,0,model_fold0_G,all_valid,,OOF_date_group_diagnostic,log1p_C,6.597145701886651,4.785221869582317,3.2830679740724245
FREP-289773-Z,R04_B1_all_valid_v1,B1_formal_pending_R04,R02_input_20260905,Franklin,1,False,False,4,model_fold4_G,all_valid,,OOF_date_group_diagnostic,log1p_C,3.58351893845611,2.7355670990908236,0.7190223218829723
FREP-289777-Z,R04_B1_all_valid_v1,B1_formal_pending_R04,R02_input_20260905,Franklin,1,False,False,4,model_fold4_G,all_valid,,OOF_date_group_diagnostic,log1p_C,1.0986122886681098,2.983877069738136,3.554223294743013
FREP-289781-Z,R04_B1_all_valid_v1,B1_formal_pending_R04,R02_input_20260905,Franklin,1,False,False,4,model_fold4_G,all_valid,,OOF_date_group_diagnostic,log1p_C,4.430816798843313,2.705139640688951,2.9779616541757155
FREP-289793-Z,R04_B1_all_valid_v1,B1_formal_pending_R04,R02_input_20260905,Franklin,1,False,False,4,model_fold4_G,all_valid,,OOF_date_group_diagnostic,log1p_C,0.6931471805599453,2.8564721206599697,4.679974796458774
FREP-289794-Z,R04_B1_all_valid_v1,B1_formal_pending_R04,R02_input_20260905,Franklin,1,False,False,4,model_fold4_G,all_valid,,OOF_date_group_diagnostic,log1p_C,2.833213344056216,2.7228323696372843,0.0121839595136729
FREP-289871-Z,R04_B1_all_valid_v1,B1_formal_pending_R04,R02_input_20260905,Eunice;Franklin,2,False,False,1,model_fold1_G,all_valid,,OOF_date_group_diagnostic,log1p_C,0.6931471805599453,2.66023324154426,3.8694275713187865
FREP-289880-Z,R04_B1_all_valid_v1,B1_formal_pending_R04,R02_input_20260905,Franklin,1,False,False,4,model_fold4_G,all_valid,,OOF_date_group_diagnostic,log1p_C,0.6931471805599453,2.9700508438369044,5.184290291844036
FREP-289886-Z,R04_B1_all_valid_v1,B1_formal_pending_R04,R02_input_20260905,Franklin,1,False,False,4,model_fold4_G,all_valid,,OOF_date_group_diagnostic,log1p_C,0.6931471805599453,2.7354511745513683,4.171005603873318
FREP-289892-Z,R04_B1_all_valid_v1,B1_formal_pending_R04,R02_input_20260905,Franklin,1,False,False,3,model_fold3_G,all_valid,,OOF_date_group_diagnostic,log1p_C,2.302585092994046,2.7954102515007215,0.24287663685712996
FREP-289907-Z,R04_B1_all_valid_v1,B1_formal_pending_R04,R02_input_20260905,Franklin,1,False,False,4,model_fold4_G,all_valid,,OOF_date_group_diagnostic,log1p_C,4.23410650459726,2.68642452749918,2.3953195022342206
FREP-289930-Z,R04_B1_all_valid_v1,B1_formal_pending_R04,R02_input_20260905,Franklin,1,False,False,4,model_fold4_G,all_valid,,OOF_date_group_diagnostic,log1p_C,0.6931471805599453,3.0540603343090726,5.57391091954565
FREP-289938-Z,R04_B1_all_valid_v1,B1_formal_pending_R04,R02_input_20260905,Franklin,1,False,False,4,model_fold4_G,all_valid,,OOF_date_group_diagnostic,log1p_C,4.584967478670572,2.8673996800674804,2.9500391427982713
FREP-289950-Z,R04_B1_all_valid_v1,B1_formal_pending_R04,R02_input_20260905,Franklin,1,False,False,4,model_fold4_G,all_valid,,OOF_date_group_diagnostic,log1p_C,0.6931471805599453,2.8524816752071067,4.662725459773111
FREP-289959-Z,R04_B1_all_valid_v1,B1_formal_pending_R04,R02_input_20260905,Franklin,1,False,False,4,model_fold4_G,all_valid,,OOF_date_group_diagnostic,log1p_C,0.0,2.9245134161389283,8.552778721176585
FREP-290030-Z,R04_B1_all_valid_v1,B1_formal_pending_R04,R02_input_20260905,Franklin,1,False,False,4,model_fold4_G,all_valid,,OOF_date_group_diagnostic,log1p_C,0.0,3.034692339299225,9.209357594201402
FREP-290039-Z,R04_B1_all_valid_v1,B1_formal_pending_R04,R02_input_20260905,Dudley;Eunice,2,False,False,3,model_fold3_G,all_valid,,OOF_date_group_diagnostic,log1p_C,5.823045895483019,3.0554582378260933,7.659541442814948
FREP-290045-Z,R04_B1_all_valid_v1,B1_formal_pending_R04,R02_input_20260905,Franklin,1,False,False,4,model_fold4_G,all_valid,,OOF_date_group_diagnostic,log1p_C,0.0,2.951193646390143,8.70954393849355
FREP-290048-Z,R04_B1_all_valid_v1,B1_formal_pending_R04,R02_input_20260905,Franklin,1,False,False,4,model_fold4_G,all_valid,,OOF_date_group_diagnostic,log1p_C,0.6931471805599453,2.9532692226751203,5.1081516452548685
FREP-290063-Z,R04_B1_all_valid_v1,B1_formal_pending_R04,R02_input_20260905,Franklin,1,False,False,4,model_fold4_G,all_valid,,OOF_date_group_diagnostic,log1p_C,0.6931471805599453,2.8529897141549667,4.66491976992616
FREP-290064-Z,R04_B1_all_valid_v1,B1_formal_pending_R04,R02_input_20260905,Franklin,1,False,False,4,model_fold4_G,all_valid,,OOF_date_group_diagnostic,log1p_C,0.6931471805599453,3.070044154679543,5.6496392255789
FREP-290069-Z,R04_B1_all_valid_v1,B1_formal_pending_R04,R02_input_20260905,Franklin,1,False,False,4,model_fold4_G,all_valid,,OOF_date_group_diagnostic,log1p_C,4.574710978503383,2.429538973863279,4.601762929491642
FREP-290073-Z,R04_B1_all_valid_v1,B1_formal_pending_R04,R02_input_20260905,Franklin,1,False,False,4,model_fold4_G,all_valid,,OOF_date_group_diagnostic,log1p_C,4.127134385045092,2.8524645314649417,1.624783235626041
FREP-290103-Z,R04_B1_all_valid_v1,B1_formal_pending_R04,R02_input_20260905,Franklin,1,False,False,4,model_fold4_G,all_valid,,OOF_date_group_diagnostic,log1p_C,0.6931471805599453,2.890507858197492,4.828393947627738
FREP-290143-Z,R04_B1_all_valid_v1,B1_formal_pending_R04,R02_input_20260905,Eunice;Franklin,2,False,False,1,model_fold1_G,all_valid,,OOF_date_group_diagnostic,log1p_C,4.248495242049359,2.6550784088271975,2.538977204395743
FREP-290154-Z,R04_B1_all_valid_v1,B1_formal_pending_R04,R02_input_20260905,Franklin,1,False,False,4,model_fold4_G,all_valid,,OOF_date_group_diagnostic,log1p_C,5.849324779946859,2.9755753652240364,8.258435698619767
FREP-290156-Z,R04_B1_all_valid_v1,B1_formal_pending_R04,R02_input_20260905,Franklin,1,False,False,4,model_fold4_G,all_valid,,OOF_date_group_diagnostic,log1p_C,6.915723448631314,2.847753208055164,16.548381878213178
FREP-290161-Z,R04_B1_all_valid_v1,B1_formal_pending_R04,R02_input_20260905,Franklin,1,False,False,4,model_fold4_G,all_valid,,OOF_date_group_diagnostic,log1p_C,1.791759469228055,2.8804488746253356,1.1852446214242844
FREP-290162-Z,R04_B1_all_valid_v1,B1_formal_pending_R04,R02_input_20260905,Franklin,1,False,False,4,model_fold4_G,all_valid,,OOF_date_group_diagnostic,log1p_C,0.6931471805599453,2.8183579425350076,4.5165207828146245
FREP-290172-Z,R04_B1_all_valid_v1,B1_formal_pending_R04,R02_input_20260905,Franklin,1,False,False,4,model_fold4_G,all_valid,,OOF_date_group_diagnostic,log1p_C,0.6931471805599453,2.8716248427641577,4.745764924722731
FREP-290183-Z,R04_B1_all_valid_v1,B1_formal_pending_R04,R02_input_20260905,Franklin,1,False,False,4,model_fold4_G,all_valid,,OOF_date_group_diagnostic,log1p_C,0.6931471805599453,2.696591505632061,4.013789163663664
FREP-290194-Z,R04_B1_all_valid_v1,B1_formal_pending_R04,R02_input_20260905,Franklin,1,False,False,4,model_fold4_G,all_valid,,OOF_date_group_diagnostic,log1p_C,0.6931471805599453,2.6581201812495037,3.8611188934389267
FREP-290195-Z,R04_B1_all_valid_v1,B1_formal_pending_R04,R02_input_20260905,Franklin,1,False,False,4,model_fold4_G,all_valid,,OOF_date_group_diagnostic,log1p_C,0.6931471805599453,2.819082224502836,4.519599811064461
FREP-290197-Z,R04_B1_all_valid_v1,B1_formal_pending_R04,R02_input_20260905,Franklin,1,False,False,4,model_fold4_G,all_valid,,OOF_date_group_diagnostic,log1p_C,0.6931471805599453,2.714443887550562,4.085640377691111
FREP-290203-Z,R04_B1_all_valid_v1,B1_formal_pending_R04,R02_input_20260905,Franklin,1,False,False,4,model_fold4_G,all_valid,,OOF_date_group_diagnostic,log1p_C,3.091042453358316,2.71013977646142,0.14508684926722126
FREP-290208-Z,R04_B1_all_valid_v1,B1_formal_pending_R04,R02_input_20260905,Franklin,1,False,False,4,model_fold4_G,all_valid,,OOF_date_group_diagnostic,log1p_C,2.0794415416798357,2.663862063170735,0.34154734593969444
FREP-290215-Z,R04_B1_all_valid_v1,B1_formal_pending_R04,R02_input_20260905,Franklin,1,False,False,4,model_fold4_G,all_valid,,OOF_date_group_diagnostic,log1p_C,2.0794415416798357,2.808686480701416,0.531798181088588
FREP-290218-Z,R04_B1_all_valid_v1,B1_formal_pending_R04,R02_input_20260905,Eunice,1,False,False,0,model_fold0_G,all_valid,,OOF_date_group_diagnostic,log1p_C,0.0,3.2616698152760213,10.638489983882716
FREP-290231-Z,R04_B1_all_valid_v1,B1_formal_pending_R04,R02_input_20260905,Eunice,1,False,False,0,model_fold0_G,all_valid,,OOF_date_group_diagnostic,log1p_C,5.634789603169249,3.6566734947872255,3.9129433382404426
FREP-290269-Z,R04_B1_all_valid_v1,B1_formal_pending_R04,R02_input_20260905,Franklin,1,False,False,3,model_fold3_G,all_valid,,OOF_date_group_diagnostic,log1p_C,0.6931471805599453,3.3173658952163847,6.886523862353094
FREP-290376-Z,R04_B1_all_valid_v1,B1_formal_pending_R04,R02_input_20260905,Eunice,1,False,False,0,model_fold0_G,all_valid,,OOF_date_group_diagnostic,log1p_C,5.961005339623274,3.478779180159459,6.161446706726478
FREP-290382-Z,R04_B1_all_valid_v1,B1_formal_pending_R04,R02_input_20260905,Eunice,1,False,False,0,model_fold0_G,all_valid,,OOF_date_group_diagnostic,log1p_C,0.0,4.76511591462502,22.70632967981264
FREP-290644-Z,R04_B1_all_valid_v1,B1_formal_pending_R04,R02_input_20260905,Dudley,1,False,False,3,model_fold3_G,all_valid,,OOF_date_group_diagnostic,log1p_C,0.0,3.3341047795474954,11.116254681001452
FREP-290646-Z,R04_B1_all_valid_v1,B1_formal_pending_R04,R02_input_20260905,Dudley,1,False,False,3,model_fold3_G,all_valid,,OOF_date_group_diagnostic,log1p_C,0.0,3.3341047795474954,11.116254681001452
FREP-290649-Z,R04_B1_all_valid_v1,B1_formal_pending_R04,R02_input_20260905,Eunice,1,False,False,0,model_fold0_G,all_valid,,OOF_date_group_diagnostic,log1p_C,0.0,3.602850182939993,12.980529440710741
FREP-290804-Z,R04_B1_all_valid_v1,B1_formal_pending_R04,R02_input_20260905,Eunice,1,False,False,0,model_fold0_G,all_valid,,OOF_date_group_diagnostic,log1p_C,0.0,5.561517784776946,30.930480070390267
FREP-290809-Z,R04_B1_all_valid_v1,B1_formal_pending_R04,R02_input_20260905,Eunice,1,False,False,0,model_fold0_G,all_valid,,OOF_date_group_diagnostic,log1p_C,0.0,5.561517784776946,30.930480070390267
FREP-290811-Z,R04_B1_all_valid_v1,B1_formal_pending_R04,R02_input_20260905,Eunice,1,False,False,0,model_fold0_G,all_valid,,OOF_date_group_diagnostic,log1p_C,0.0,5.561517784776946,30.930480070390267
FREP-290859-Z,R04_B1_all_valid_v1,B1_formal_pending_R04,R02_input_20260905,Dudley;Eunice,2,False,False,3,model_fold3_G,all_valid,,OOF_date_group_diagnostic,log1p_C,6.505784060128229,2.9995728921245584,12.293516754633663
FREP-292098-Z,R04_B1_all_valid_v1,B1_formal_pending_R04,R02_input_20260905,Eunice,1,False,False,0,model_fold0_G,all_valid,,OOF_date_group_diagnostic,log1p_C,4.532599493153256,4.938749192119003,0.16495757796996668
FREP-292114-Z,R04_B1_all_valid_v1,B1_formal_pending_R04,R02_input_20260905,Eunice,1,False,False,0,model_fold0_G,all_valid,,OOF_date_group_diagnostic,log1p_C,5.863631175598097,2.5818178082665444,10.770298977996063
FREP-292127-Z,R04_B1_all_valid_v1,B1_formal_pending_R04,R02_input_20260905,Eunice,1,False,False,0,model_fold0_G,all_valid,,OOF_date_group_diagnostic,log1p_C,0.0,2.5818178082665444,6.665783195082263
FREP-292155-Z,R04_B1_all_valid_v1,B1_formal_pending_R04,R02_input_20260905,Eunice,1,False,False,0,model_fold0_G,all_valid,,OOF_date_group_diagnostic,log1p_C,4.976733742420574,2.7085252961144137,5.144769555894606
FREP-292161-Z,R04_B1_all_valid_v1,B1_formal_pending_R04,R02_input_20260905,Eunice,1,False,False,0,model_fold0_G,all_valid,,OOF_date_group_diagnostic,log1p_C,0.0,2.7085252961144137,7.336109279691673
FREP-292375-Z,R04_B1_all_valid_v1,B1_formal_pending_R04,R02_input_20260905,Eunice,1,False,False,0,model_fold0_G,all_valid,,OOF_date_group_diagnostic,log1p_C,0.0,4.824647321793306,23.277221779687324
FREP-292402-Z,R04_B1_all_valid_v1,B1_formal_pending_R04,R02_input_20260905,Eunice,1,False,False,0,model_fold0_G,all_valid,,OOF_date_group_diagnostic,log1p_C,0.0,4.824647321793306,23.277221779687324
FREP-292407-Z,R04_B1_all_valid_v1,B1_formal_pending_R04,R02_input_20260905,Eunice,1,False,False,0,model_fold0_G,all_valid,,OOF_date_group_diagnostic,log1p_C,0.0,4.824647321793306,23.277221779687324
FREP-292805-Z,R04_B1_all_valid_v1,B1_formal_pending_R04,R02_input_20260905,Eunice;Franklin,2,False,False,1,model_fold1_G,all_valid,,OOF_date_group_diagnostic,log1p_C,0.0,2.5854517121703555,6.684560555964623
FREP-292816-Z,R04_B1_all_valid_v1,B1_formal_pending_R04,R02_input_20260905,Eunice,1,False,False,0,model_fold0_G,all_valid,,OOF_date_group_diagnostic,log1p_C,5.802118375377063,4.305167625847132,2.240861546518221
FREP-292818-Z,R04_B1_all_valid_v1,B1_formal_pending_R04,R02_input_20260905,Eunice,1,False,False,0,model_fold0_G,all_valid,,OOF_date_group_diagnostic,log1p_C,4.1588830833596715,5.054686324799683,0.8024634473744322
FREP-292860-Z,R04_B1_all_valid_v1,B1_formal_pending_R04,R02_input_20260905,Eunice,1,False,False,0,model_fold0_G,all_valid,,OOF_date_group_diagnostic,log1p_C,3.8501476017100584,4.801348728467761,0.9047835835451224
FREP-292937-Z,R04_B1_all_valid_v1,B1_formal_pending_R04,R02_input_20260905,Eunice;Franklin,2,False,False,1,model_fold1_G,all_valid,,OOF_date_group_diagnostic,log1p_C,1.3862943611198906,2.970680173372012,2.510278402065815
FREP-292943-Z,R04_B1_all_valid_v1,B1_formal_pending_R04,R02_input_20260905,Eunice,1,False,False,0,model_fold0_G,all_valid,,OOF_date_group_diagnostic,log1p_C,0.0,4.801348728467761,23.052949612358983
FREP-292949-Z,R04_B1_all_valid_v1,B1_formal_pending_R04,R02_input_20260905,Eunice,1,False,False,0,model_fold0_G,all_valid,,OOF_date_group_diagnostic,log1p_C,0.0,3.3788328750668857,11.416511597632757
FREP-293169-Z,R04_B1_all_valid_v1,B1_formal_pending_R04,R02_input_20260905,Eunice,1,False,False,0,model_fold0_G,all_valid,,OOF_date_group_diagnostic,log1p_C,0.0,4.490545529277606,20.164999150515094
FREP-293263-Z,R04_B1_all_valid_v1,B1_formal_pending_R04,R02_input_20260905,Eunice,1,False,False,0,model_fold0_G,all_valid,,OOF_date_group_diagnostic,log1p_C,0.0,5.316937318210118,28.269822445775404
FREP-293265-Z,R04_B1_all_valid_v1,B1_formal_pending_R04,R02_input_20260905,Eunice,1,False,False,0,model_fold0_G,all_valid,,OOF_date_group_diagnostic,log1p_C,0.0,4.29027317011097,18.40644387417403
FREP-293613-Z,R04_B1_all_valid_v1,B1_formal_pending_R04,R02_input_20260905,Franklin,1,False,False,4,model_fold4_G,all_valid,,OOF_date_group_diagnostic,log1p_C,0.0,2.8060916932592423,7.874150590978521
FREP-293633-Z,R04_B1_all_valid_v1,B1_formal_pending_R04,R02_input_20260905,Eunice;Franklin,2,False,False,1,model_fold1_G,all_valid,,OOF_date_group_diagnostic,log1p_C,6.1092475827643655,2.818245923259904,10.830691922861119
FREP-293653-Z,R04_B1_all_valid_v1,B1_formal_pending_R04,R02_input_20260905,Eunice;Franklin,2,False,False,1,model_fold1_G,all_valid,,OOF_date_group_diagnostic,log1p_C,6.98933526597456,2.799988719499831,17.55062448645974
FREP-293658-Z,R04_B1_all_valid_v1,B1_formal_pending_R04,R02_input_20260905,Eunice;Franklin,2,False,False,1,model_fold1_G,all_valid,,OOF_date_group_diagnostic,log1p_C,4.762173934797756,2.52365496601416,5.0109671736039765
FREP-294029-Z,R04_B1_all_valid_v1,B1_formal_pending_R04,R02_input_20260905,Eunice,1,False,False,0,model_fold0_G,all_valid,,OOF_date_group_diagnostic,log1p_C,0.0,3.2616698152760213,10.638489983882716
FREP-294032-Z,R04_B1_all_valid_v1,B1_formal_pending_R04,R02_input_20260905,Eunice,1,False,False,0,model_fold0_G,all_valid,,OOF_date_group_diagnostic,log1p_C,0.0,3.2616698152760213,10.638489983882716
FREP-294097-Z,R04_B1_all_valid_v1,B1_formal_pending_R04,R02_input_20260905,Eunice,1,False,False,0,model_fold0_G,all_valid,,OOF_date_group_diagnostic,log1p_C,0.0,3.47261089848589,12.05902645228298
FREP-294352-Z,R04_B1_all_valid_v1,B1_formal_pending_R04,R02_input_20260905,Eunice,1,False,False,0,model_fold0_G,all_valid,,OOF_date_group_diagnostic,log1p_C,0.0,4.593738963151854,21.102437661579476
FREP-294492-Z,R04_B1_all_valid_v1,B1_formal_pending_R04,R02_input_20260905,Eunice,1,False,False,0,model_fold0_G,all_valid,,OOF_date_group_diagnostic,log1p_C,6.104793232414985,4.470458956166802,2.6710485265196735
FREP-294589-Z,R04_B1_all_valid_v1,B1_formal_pending_R04,R02_input_20260905,Franklin,1,False,False,3,model_fold3_G,all_valid,,OOF_date_group_diagnostic,log1p_C,5.945420608606575,3.148262231890554,7.824094984432606
FREP-294643-Z,R04_B1_all_valid_v1,B1_formal_pending_R04,R02_input_20260905,Eunice;Franklin,2,False,False,1,model_fold1_G,all_valid,,OOF_date_group_diagnostic,log1p_C,5.476463551931511,2.5277091170001684,8.695152717527261
FREP-294736-Z,R04_B1_all_valid_v1,B1_formal_pending_R04,R02_input_20260905,Eunice;Franklin,2,False,False,1,model_fold1_G,all_valid,,OOF_date_group_diagnostic,log1p_C,3.713572066704308,2.620984721149002,1.1937471076675898
FREP-294756-Z,R04_B1_all_valid_v1,B1_formal_pending_R04,R02_input_20260905,Eunice,1,False,False,0,model_fold0_G,all_valid,,OOF_date_group_diagnostic,log1p_C,0.0,4.253582117928467,18.09296083396082
FREP-294866-Z,R04_B1_all_valid_v1,B1_formal_pending_R04,R02_input_20260905,Eunice,1,False,False,0,model_fold0_G,all_valid,,OOF_date_group_diagnostic,log1p_C,0.0,4.627435443227635,21.41315878123934
FREP-294875-Z,R04_B1_all_valid_v1,B1_formal_pending_R04,R02_input_20260905,Eunice,1,False,False,0,model_fold0_G,all_valid,,OOF_date_group_diagnostic,log1p_C,0.0,4.470458956166802,19.98500327877197
FREP-294876-Z,R04_B1_all_valid_v1,B1_formal_pending_R04,R02_input_20260905,Eunice,1,False,False,0,model_fold0_G,all_valid,,OOF_date_group_diagnostic,log1p_C,0.0,4.470458956166802,19.98500327877197
FREP-294891-Z,R04_B1_all_valid_v1,B1_formal_pending_R04,R02_input_20260905,Eunice,1,False,False,0,model_fold0_G,all_valid,,OOF_date_group_diagnostic,log1p_C,0.0,4.627435443227635,21.41315878123934
FREP-294921-Z,R04_B1_all_valid_v1,B1_formal_pending_R04,R02_input_20260905,Eunice,1,False,False,0,model_fold0_G,all_valid,,OOF_date_group_diagnostic,log1p_C,6.56244409369372,4.525605610942415,4.148711004816635
FREP-295155-Z,R04_B1_all_valid_v1,B1_formal_pending_R04,R02_input_20260905,Eunice,1,False,False,0,model_fold0_G,all_valid,,OOF_date_group_diagnostic,log1p_C,0.0,4.24522401017524,18.021926896568342
FREP-295211-Z,R04_B1_all_valid_v1,B1_formal_pending_R04,R02_input_20260905,Eunice,1,False,False,0,model_fold0_G,all_valid,,OOF_date_group_diagnostic,log1p_C,0.0,4.278621443754995,18.306601458960074
FREP-295336-Z,R04_B1_all_valid_v1,B1_formal_pending_R04,R02_input_20260905,Eunice,1,False,False,0,model_fold0_G,all_valid,,OOF_date_group_diagnostic,log1p_C,0.0,4.824647321793306,23.277221779687324
FREP-295338-Z,R04_B1_all_valid_v1,B1_formal_pending_R04,R02_input_20260905,Eunice,1,False,False,0,model_fold0_G,all_valid,,OOF_date_group_diagnostic,log1p_C,0.0,4.824647321793306,23.277221779687324
FREP-295339-Z,R04_B1_all_valid_v1,B1_formal_pending_R04,R02_input_20260905,Eunice,1,False,False,0,model_fold0_G,all_valid,,OOF_date_group_diagnostic,log1p_C,0.0,4.824647321793306,23.277221779687324
FREP-295350-Z,R04_B1_all_valid_v1,B1_formal_pending_R04,R02_input_20260905,Eunice;Franklin,2,False,False,1,model_fold1_G,all_valid,,OOF_date_group_diagnostic,log1p_C,6.698268054115413,2.8264555453239764,14.99093210323384
FREP-295374-Z,R04_B1_all_valid_v1,B1_formal_pending_R04,R02_input_20260905,Eunice,1,False,False,0,model_fold0_G,all_valid,,OOF_date_group_diagnostic,log1p_C,0.0,4.875275003446095,23.768306359226322
FREP-295571-Z,R04_B1_all_valid_v1,B1_formal_pending_R04,R02_input_20260905,Eunice;Franklin,2,False,False,1,model_fold1_G,all_valid,,OOF_date_group_diagnostic,log1p_C,0.0,2.6902924093751195,7.237673247941386
FREP-295574-Z,R04_B1_all_valid_v1,B1_formal_pending_R04,R02_input_20260905,Eunice;Franklin,2,False,False,1,model_fold1_G,all_valid,,OOF_date_group_diagnostic,log1p_C,4.852030263919617,2.6503218550488947,4.847519917692047
FREP-295672-Z,R04_B1_all_valid_v1,B1_formal_pending_R04,R02_input_20260905,Eunice,1,False,False,0,model_fold0_G,all_valid,,OOF_date_group_diagnostic,log1p_C,0.0,4.955487665772722,24.556858005625582
FREP-295736-Z,R04_B1_all_valid_v1,B1_formal_pending_R04,R02_input_20260905,Eunice,1,False,False,0,model_fold0_G,all_valid,,OOF_date_group_diagnostic,log1p_C,0.0,4.066318543020686,16.534946493313875
FREP-295829-Z,R04_B1_all_valid_v1,B1_formal_pending_R04,R02_input_20260905,Eunice,1,False,False,0,model_fold0_G,all_valid,,OOF_date_group_diagnostic,log1p_C,5.3981627015177525,2.8335295370507216,6.577343268284176
FREP-295943-Z,R04_B1_all_valid_v1,B1_formal_pending_R04,R02_input_20260905,Eunice,1,False,False,0,model_fold0_G,all_valid,,OOF_date_group_diagnostic,log1p_C,0.0,3.3146713600215834,10.987046224947333
FREP-295962-Z,R04_B1_all_valid_v1,B1_formal_pending_R04,R02_input_20260905,Eunice,1,False,False,0,model_fold0_G,all_valid,,OOF_date_group_diagnostic,log1p_C,0.0,3.3146713600215834,10.987046224947333
FREP-295971-Z,R04_B1_all_valid_v1,B1_formal_pending_R04,R02_input_20260905,Eunice,1,False,False,0,model_fold0_G,all_valid,,OOF_date_group_diagnostic,log1p_C,0.0,3.3146713600215834,10.987046224947333
FREP-296013-Z,R04_B1_all_valid_v1,B1_formal_pending_R04,R02_input_20260905,Eunice,1,False,False,0,model_fold0_G,all_valid,,OOF_date_group_diagnostic,log1p_C,0.0,3.4534136271037896,11.926065679866152
FREP-296206-Z,R04_B1_all_valid_v1,B1_formal_pending_R04,R02_input_20260905,Eunice,1,False,False,0,model_fold0_G,all_valid,,OOF_date_group_diagnostic,log1p_C,0.0,3.4063294183137067,11.603080106069395
FREP-296449-Z,R04_B1_all_valid_v1,B1_formal_pending_R04,R02_input_20260905,Eunice;Franklin,2,False,False,1,model_fold1_G,all_valid,,OOF_date_group_diagnostic,log1p_C,4.736198448394496,2.6623010518634453,4.301050411338268
FREP-296456-Z,R04_B1_all_valid_v1,B1_formal_pending_R04,R02_input_20260905,Eunice;Franklin,2,False,False,1,model_fold1_G,all_valid,,OOF_date_group_diagnostic,log1p_C,0.0,2.761928507814959,7.628249082280967
FREP-296461-Z,R04_B1_all_valid_v1,B1_formal_pending_R04,R02_input_20260905,Eunice;Franklin,2,False,False,1,model_fold1_G,all_valid,,OOF_date_group_diagnostic,log1p_C,0.0,2.694844430449791,7.26218650432626
FREP-296462-Z,R04_B1_all_valid_v1,B1_formal_pending_R04,R02_input_20260905,Eunice,1,False,False,0,model_fold0_G,all_valid,,OOF_date_group_diagnostic,log1p_C,0.0,5.435285381640379,29.542327179873602
FREP-296565-Z,R04_B1_all_valid_v1,B1_formal_pending_R04,R02_input_20260905,Eunice;Franklin,2,False,False,1,model_fold1_G,all_valid,,OOF_date_group_diagnostic,log1p_C,0.0,2.667745459640564,7.116865837432844
FREP-296570-Z,R04_B1_all_valid_v1,B1_formal_pending_R04,R02_input_20260905,Eunice;Franklin,2,False,False,1,model_fold1_G,all_valid,,OOF_date_group_diagnostic,log1p_C,0.0,2.619982756319348,6.864309643410727
FREP-296573-Z,R04_B1_all_valid_v1,B1_formal_pending_R04,R02_input_20260905,Franklin,1,False,False,3,model_fold3_G,all_valid,,OOF_date_group_diagnostic,log1p_C,2.3978952727983707,2.8579767030794963,0.2116749224895262
FREP-297144-Z,R04_B1_all_valid_v1,B1_formal_pending_R04,R02_input_20260905,Franklin,1,False,False,4,model_fold4_G,all_valid,,OOF_date_group_diagnostic,log1p_C,4.394449154672439,2.746083260251251,2.717110121890964
FREP-297369-Z,R04_B1_all_valid_v1,B1_formal_pending_R04,R02_input_20260905,Franklin,1,False,False,3,model_fold3_G,all_valid,,OOF_date_group_diagnostic,log1p_C,0.0,3.5095789206679506,12.317144200396818
FREP-297576-Z,R04_B1_all_valid_v1,B1_formal_pending_R04,R02_input_20260905,Franklin,1,False,False,3,model_fold3_G,all_valid,,OOF_date_group_diagnostic,log1p_C,0.0,3.2248550129719824,10.399689854690525
FREP-297663-Z,R04_B1_all_valid_v1,B1_formal_pending_R04,R02_input_20260905,Eunice,1,False,False,0,model_fold0_G,all_valid,,OOF_date_group_diagnostic,log1p_C,0.0,3.140534833797909,9.86295904229806
FREP-297665-Z,R04_B1_all_valid_v1,B1_formal_pending_R04,R02_input_20260905,Eunice,1,False,False,0,model_fold0_G,all_valid,,OOF_date_group_diagnostic,log1p_C,0.0,3.140534833797909,9.86295904229806
FREP-297667-Z,R04_B1_all_valid_v1,B1_formal_pending_R04,R02_input_20260905,Eunice,1,False,False,0,model_fold0_G,all_valid,,OOF_date_group_diagnostic,log1p_C,0.0,3.140534833797909,9.86295904229806
FREP-297669-Z,R04_B1_all_valid_v1,B1_formal_pending_R04,R02_input_20260905,Eunice,1,False,False,0,model_fold0_G,all_valid,,OOF_date_group_diagnostic,log1p_C,0.0,3.685673542421315,13.584189461304485
FREP-297676-Z,R04_B1_all_valid_v1,B1_formal_pending_R04,R02_input_20260905,Eunice,1,False,False,0,model_fold0_G,all_valid,,OOF_date_group_diagnostic,log1p_C,6.522092798170152,4.175638072256553,5.505849780762263
FREP-330332-J,R04_B1_all_valid_v1,B1_formal_pending_R04,R02_input_20260905,Ciaran,1,False,False,2,model_fold2_G,all_valid,,OOF_date_group_diagnostic,log1p_C,0.0,3.322533047617833,11.039225852512647
FREP-336433-G,R04_B1_all_valid_v1,B1_formal_pending_R04,R02_input_20260905,Babet,1,False,False,2,model_fold2_G,all_valid,,OOF_date_group_diagnostic,log1p_C,3.044522437723423,3.3011603512478707,0.06586301865818187
FREP-336494-G,R04_B1_all_valid_v1,B1_formal_pending_R04,R02_input_20260905,Babet,1,False,False,2,model_fold2_G,all_valid,,OOF_date_group_diagnostic,log1p_C,5.2574953720277815,3.3924309195219498,3.4784654120008778
FREP-336499-G,R04_B1_all_valid_v1,B1_formal_pending_R04,R02_input_20260905,Babet,1,False,False,3,model_fold3_G,all_valid,,OOF_date_group_diagnostic,log1p_C,4.532599493153256,3.460711095119988,1.1489447378383257
FREP-336595-G,R04_B1_all_valid_v1,B1_formal_pending_R04,R02_input_20260905,Babet,1,False,False,3,model_fold3_G,all_valid,,OOF_date_group_diagnostic,log1p_C,5.170483995038151,4.0230918429612395,1.3165087506476874
FREP-336624-G,R04_B1_all_valid_v1,B1_formal_pending_R04,R02_input_20260905,Babet,1,False,False,3,model_fold3_G,all_valid,,OOF_date_group_diagnostic,log1p_C,1.9459101490553132,3.9179357598112317,3.888885009477253
FREP-336643-G,R04_B1_all_valid_v1,B1_formal_pending_R04,R02_input_20260905,Babet,1,False,False,3,model_fold3_G,all_valid,,OOF_date_group_diagnostic,log1p_C,2.772588722239781,3.941148633911168,1.3655322671654397
FREP-336648-G,R04_B1_all_valid_v1,B1_formal_pending_R04,R02_input_20260905,Babet,1,False,False,3,model_fold3_G,all_valid,,OOF_date_group_diagnostic,log1p_C,3.8501476017100584,3.724514817453202,0.015783596480129804
FREP-336669-G,R04_B1_all_valid_v1,B1_formal_pending_R04,R02_input_20260905,Babet,1,False,False,3,model_fold3_G,all_valid,,OOF_date_group_diagnostic,log1p_C,4.867534450455582,4.0006777888556435,0.7514404717601906
FREP-336670-G,R04_B1_all_valid_v1,B1_formal_pending_R04,R02_input_20260905,Babet,1,False,False,3,model_fold3_G,all_valid,,OOF_date_group_diagnostic,log1p_C,2.6390573296152584,3.909774668209109,1.6147225546030388
FREP-336673-G,R04_B1_all_valid_v1,B1_formal_pending_R04,R02_input_20260905,Babet,1,False,False,3,model_fold3_G,all_valid,,OOF_date_group_diagnostic,log1p_C,2.0794415416798357,4.025152000794841,3.785789190709524
FREP-336676-G,R04_B1_all_valid_v1,B1_formal_pending_R04,R02_input_20260905,Babet,1,False,False,3,model_fold3_G,all_valid,,OOF_date_group_diagnostic,log1p_C,3.1780538303479458,4.137575533885651,0.9206818995599004
FREP-336678-G,R04_B1_all_valid_v1,B1_formal_pending_R04,R02_input_20260905,Babet,1,False,False,3,model_fold3_G,all_valid,,OOF_date_group_diagnostic,log1p_C,1.9459101490553132,3.8119066095088314,3.4819427904250584
FREP-336680-G,R04_B1_all_valid_v1,B1_formal_pending_R04,R02_input_20260905,Babet,1,False,False,3,model_fold3_G,all_valid,,OOF_date_group_diagnostic,log1p_C,6.504288173536645,3.7235600819815398,7.7324487191637
FREP-336682-G,R04_B1_all_valid_v1,B1_formal_pending_R04,R02_input_20260905,Babet,1,False,False,3,model_fold3_G,all_valid,,OOF_date_group_diagnostic,log1p_C,5.5134287461649825,3.96051133009336,2.4115525011385643
FREP-336687-G,R04_B1_all_valid_v1,B1_formal_pending_R04,R02_input_20260905,Babet,1,False,False,1,model_fold1_G,all_valid,,OOF_date_group_diagnostic,log1p_C,3.2188758248682006,3.368699953084622,0.022447269395810623
FREP-336695-G,R04_B1_all_valid_v1,B1_formal_pending_R04,R02_input_20260905,Babet,1,False,False,3,model_fold3_G,all_valid,,OOF_date_group_diagnostic,log1p_C,1.9459101490553132,3.6130202884399303,2.779256216838997
FREP-336738-G,R04_B1_all_valid_v1,B1_formal_pending_R04,R02_input_20260905,Babet,1,False,False,1,model_fold1_G,all_valid,,OOF_date_group_diagnostic,log1p_C,2.995732273553991,3.2446687889940904,0.061969388719458916
FREP-336849-G,R04_B1_all_valid_v1,B1_formal_pending_R04,R02_input_20260905,Babet,1,False,False,1,model_fold1_G,all_valid,,OOF_date_group_diagnostic,log1p_C,0.6931471805599453,3.2760226943496225,6.671245919734289
FREP-336882-G,R04_B1_all_valid_v1,B1_formal_pending_R04,R02_input_20260905,Babet,1,False,False,1,model_fold1_G,all_valid,,OOF_date_group_diagnostic,log1p_C,5.8805329864007,3.43297604964872,5.990534958642738
FREP-337015-G,R04_B1_all_valid_v1,B1_formal_pending_R04,R02_input_20260905,Babet,1,False,False,4,model_fold4_G,all_valid,,OOF_date_group_diagnostic,log1p_C,5.017279836814924,3.289629473267803,2.984775778664501
FREP-337034-G,R04_B1_all_valid_v1,B1_formal_pending_R04,R02_input_20260905,Babet,1,False,False,4,model_fold4_G,all_valid,,OOF_date_group_diagnostic,log1p_C,4.418840607796598,3.261834343198887,1.338663496318349
FREP-337057-G,R04_B1_all_valid_v1,B1_formal_pending_R04,R02_input_20260905,Babet,1,False,False,1,model_fold1_G,all_valid,,OOF_date_group_diagnostic,log1p_C,1.6094379124341003,3.9042112214347444,5.265984539701765
FREP-337060-G,R04_B1_all_valid_v1,B1_formal_pending_R04,R02_input_20260905,Babet,1,False,False,1,model_fold1_G,all_valid,,OOF_date_group_diagnostic,log1p_C,3.2188758248682006,3.770360010221748,0.30413480669506593
FREP-337064-G,R04_B1_all_valid_v1,B1_formal_pending_R04,R02_input_20260905,Babet,1,False,False,1,model_fold1_G,all_valid,,OOF_date_group_diagnostic,log1p_C,3.784189633918261,3.519628674182148,0.06999250141649328
FREP-337107-G,R04_B1_all_valid_v1,B1_formal_pending_R04,R02_input_20260905,Babet,1,False,False,1,model_fold1_G,all_valid,,OOF_date_group_diagnostic,log1p_C,1.9459101490553132,3.4764685945415614,2.3426091550492805
FREP-337128-G,R04_B1_all_valid_v1,B1_formal_pending_R04,R02_input_20260905,Babet,1,False,False,1,model_fold1_G,all_valid,,OOF_date_group_diagnostic,log1p_C,6.683360945766275,3.502787885987402,10.116044988591138
FREP-337551-G,R04_B1_all_valid_v1,B1_formal_pending_R04,R02_input_20260905,Ciaran,1,False,False,3,model_fold3_G,all_valid,,OOF_date_group_diagnostic,log1p_C,0.6931471805599453,3.1462024998865346,6.017480399676474
FREP-338406-G,R04_B1_all_valid_v1,B1_formal_pending_R04,R02_input_20260905,Ciaran,1,False,False,4,model_fold4_G,all_valid,,OOF_date_group_diagnostic,log1p_C,0.6931471805599453,3.5794273495352003,8.330613213819825
FREP-338434-G,R04_B1_all_valid_v1,B1_formal_pending_R04,R02_input_20260905,Ciaran,1,False,False,4,model_fold4_G,all_valid,,OOF_date_group_diagnostic,log1p_C,6.6039438246004725,3.346513162704009,10.610854517063233
FREP-338438-G,R04_B1_all_valid_v1,B1_formal_pending_R04,R02_input_20260905,Ciaran,1,False,False,4,model_fold4_G,all_valid,,OOF_date_group_diagnostic,log1p_C,0.6931471805599453,3.2808702552591993,6.69631071133096
FREP-338450-G,R04_B1_all_valid_v1,B1_formal_pending_R04,R02_input_20260905,Ciaran,1,False,False,3,model_fold3_G,all_valid,,OOF_date_group_diagnostic,log1p_C,4.564348191467836,3.238497166934488,1.7578809392561283
FREP-338452-G,R04_B1_all_valid_v1,B1_formal_pending_R04,R02_input_20260905,Ciaran,1,False,False,2,model_fold2_G,all_valid,,OOF_date_group_diagnostic,log1p_C,5.0106352940962555,3.3532213457189615,2.7470209962756114
FREP-338479-G,R04_B1_all_valid_v1,B1_formal_pending_R04,R02_input_20260905,Ciaran,1,False,False,2,model_fold2_G,all_valid,,OOF_date_group_diagnostic,log1p_C,0.0,3.3987542666854162,11.551530565312321
FREP-338511-G,R04_B1_all_valid_v1,B1_formal_pending_R04,R02_input_20260905,Ciaran,1,False,False,2,model_fold2_G,all_valid,,OOF_date_group_diagnostic,log1p_C,0.6931471805599453,3.520182639589465,7.9921294866102475
FREP-338515-G,R04_B1_all_valid_v1,B1_formal_pending_R04,R02_input_20260905,Ciaran,1,False,False,2,model_fold2_G,all_valid,,OOF_date_group_diagnostic,log1p_C,7.5443321080536885,3.4941697592886856,16.403815051353646
FREP-338520-G,R04_B1_all_valid_v1,B1_formal_pending_R04,R02_input_20260905,Ciaran,1,False,False,2,model_fold2_G,all_valid,,OOF_date_group_diagnostic,log1p_C,3.58351893845611,3.5324838642256235,0.0026045788017112536
FREP-338559-G,R04_B1_all_valid_v1,B1_formal_pending_R04,R02_input_20260905,Ciaran,1,False,False,2,model_fold2_G,all_valid,,OOF_date_group_diagnostic,log1p_C,0.6931471805599453,3.486388422241742,7.802196634232064
FREP-338582-G,R04_B1_all_valid_v1,B1_formal_pending_R04,R02_input_20260905,Ciaran,1,False,False,2,model_fold2_G,all_valid,,OOF_date_group_diagnostic,log1p_C,4.454347296253507,4.167652520333357,0.0821938945399051
FREP-338588-G,R04_B1_all_valid_v1,B1_formal_pending_R04,R02_input_20260905,Ciaran,1,False,False,2,model_fold2_G,all_valid,,OOF_date_group_diagnostic,log1p_C,0.6931471805599453,3.8643640723599457,10.056616574837655
FREP-338590-G,R04_B1_all_valid_v1,B1_formal_pending_R04,R02_input_20260905,Ciaran,1,False,False,2,model_fold2_G,all_valid,,OOF_date_group_diagnostic,log1p_C,4.564348191467836,4.340238678056962,0.05022507400125878
FREP-338593-G,R04_B1_all_valid_v1,B1_formal_pending_R04,R02_input_20260905,Ciaran,1,False,False,2,model_fold2_G,all_valid,,OOF_date_group_diagnostic,log1p_C,6.406879986069314,3.7607353476162713,7.002081447613786
FREP-338594-G,R04_B1_all_valid_v1,B1_formal_pending_R04,R02_input_20260905,Ciaran,1,False,False,2,model_fold2_G,all_valid,,OOF_date_group_diagnostic,log1p_C,6.320768294250582,4.251739880489335,4.280878576951381
FREP-338595-G,R04_B1_all_valid_v1,B1_formal_pending_R04,R02_input_20260905,Ciaran,1,False,False,2,model_fold2_G,all_valid,,OOF_date_group_diagnostic,log1p_C,6.634633357861686,4.0465886225259835,6.697975552098847
FREP-338597-G,R04_B1_all_valid_v1,B1_formal_pending_R04,R02_input_20260905,Ciaran,1,False,False,2,model_fold2_G,all_valid,,OOF_date_group_diagnostic,log1p_C,6.037870919922137,3.742564536327458,5.268431394570487
FREP-338600-G,R04_B1_all_valid_v1,B1_formal_pending_R04,R02_input_20260905,Ciaran,1,False,False,2,model_fold2_G,all_valid,,OOF_date_group_diagnostic,log1p_C,5.978885764901122,3.9591806607825273,4.079208707602704
FREP-338602-G,R04_B1_all_valid_v1,B1_formal_pending_R04,R02_input_20260905,Ciaran,1,False,False,2,model_fold2_G,all_valid,,OOF_date_group_diagnostic,log1p_C,5.771441123130016,4.1018310689511015,2.787597733015317
FREP-338603-G,R04_B1_all_valid_v1,B1_formal_pending_R04,R02_input_20260905,Ciaran,1,False,False,2,model_fold2_G,all_valid,,OOF_date_group_diagnostic,log1p_C,6.327936783729195,4.436292970802526,3.5783163149837445
FREP-338606-G,R04_B1_all_valid_v1,B1_formal_pending_R04,R02_input_20260905,Ciaran,1,False,False,2,model_fold2_G,all_valid,,OOF_date_group_diagnostic,log1p_C,6.55250788703459,4.159281105119554,5.7275344296754
FREP-338609-G,R04_B1_all_valid_v1,B1_formal_pending_R04,R02_input_20260905,Ciaran,1,False,False,2,model_fold2_G,all_valid,,OOF_date_group_diagnostic,log1p_C,5.976350909297934,4.389294322198578,2.5187486106554564
FREP-338612-G,R04_B1_all_valid_v1,B1_formal_pending_R04,R02_input_20260905,Ciaran,1,False,False,2,model_fold2_G,all_valid,,OOF_date_group_diagnostic,log1p_C,5.056245805348308,4.352034343763369,0.4959137826275961
FREP-338614-G,R04_B1_all_valid_v1,B1_formal_pending_R04,R02_input_20260905,Ciaran,1,False,False,2,model_fold2_G,all_valid,,OOF_date_group_diagnostic,log1p_C,6.464588303689961,4.448938594915651,4.062843748481962
FREP-338615-G,R04_B1_all_valid_v1,B1_formal_pending_R04,R02_input_20260905,Ciaran,1,False,False,2,model_fold2_G,all_valid,,OOF_date_group_diagnostic,log1p_C,4.07753744390572,4.3910206949583905,0.09827174869055184
FREP-338616-G,R04_B1_all_valid_v1,B1_formal_pending_R04,R02_input_20260905,Ciaran,1,False,False,2,model_fold2_G,all_valid,,OOF_date_group_diagnostic,log1p_C,5.988961416889864,4.463184333991254,2.3279957066985904
FREP-338618-G,R04_B1_all_valid_v1,B1_formal_pending_R04,R02_input_20260905,Ciaran,1,False,False,2,model_fold2_G,all_valid,,OOF_date_group_diagnostic,log1p_C,7.4673710669175595,4.132853006305871,11.119010696545534
FREP-338620-G,R04_B1_all_valid_v1,B1_formal_pending_R04,R02_input_20260905,Ciaran,1,False,False,2,model_fold2_G,all_valid,,OOF_date_group_diagnostic,log1p_C,7.186901020411631,4.330617987724046,8.158352762818991
FREP-338623-G,R04_B1_all_valid_v1,B1_formal_pending_R04,R02_input_20260905,Ciaran,1,False,False,2,model_fold2_G,all_valid,,OOF_date_group_diagnostic,log1p_C,6.39024066706535,4.628688900490394,3.103064626323349
FREP-338626-G,R04_B1_all_valid_v1,B1_formal_pending_R04,R02_input_20260905,Ciaran,1,False,False,2,model_fold2_G,all_valid,,OOF_date_group_diagnostic,log1p_C,5.288267030694535,4.431453044801416,0.7341302064220538
FREP-338627-G,R04_B1_all_valid_v1,B1_formal_pending_R04,R02_input_20260905,Ciaran,1,False,False,2,model_fold2_G,all_valid,,OOF_date_group_diagnostic,log1p_C,5.3471075307174685,4.684151284392001,0.4395109845419545
FREP-338629-G,R04_B1_all_valid_v1,B1_formal_pending_R04,R02_input_20260905,Ciaran,1,False,False,2,model_fold2_G,all_valid,,OOF_date_group_diagnostic,log1p_C,4.31748811353631,4.7442008751949585,0.18208378096235045
FREP-338630-G,R04_B1_all_valid_v1,B1_formal_pending_R04,R02_input_20260905,Ciaran,1,False,False,2,model_fold2_G,all_valid,,OOF_date_group_diagnostic,log1p_C,6.7912214627261855,4.106767985622862,7.206290470732124
FREP-338631-G,R04_B1_all_valid_v1,B1_formal_pending_R04,R02_input_20260905,Ciaran,1,False,False,2,model_fold2_G,all_valid,,OOF_date_group_diagnostic,log1p_C,6.595780513961311,4.4408603698305384,4.6436808275805905
FREP-338636-G,R04_B1_all_valid_v1,B1_formal_pending_R04,R02_input_20260905,Ciaran,1,False,False,2,model_fold2_G,all_valid,,OOF_date_group_diagnostic,log1p_C,6.71174039505618,4.61782308724944,4.3844896919326235
FREP-338637-G,R04_B1_all_valid_v1,B1_formal_pending_R04,R02_input_20260905,Ciaran,1,False,False,2,model_fold2_G,all_valid,,OOF_date_group_diagnostic,log1p_C,5.726847747587197,4.560742636762414,1.3598011294916796
FREP-338639-G,R04_B1_all_valid_v1,B1_formal_pending_R04,R02_input_20260905,Ciaran,1,False,False,2,model_fold2_G,all_valid,,OOF_date_group_diagnostic,log1p_C,5.0106352940962555,4.629661886869509,0.14514073701395647
FREP-338640-G,R04_B1_all_valid_v1,B1_formal_pending_R04,R02_input_20260905,Ciaran,1,False,False,2,model_fold2_G,all_valid,,OOF_date_group_diagnostic,log1p_C,4.51085950651685,4.635083680031967,0.015431645285513855
FREP-338641-G,R04_B1_all_valid_v1,B1_formal_pending_R04,R02_input_20260905,Ciaran,1,False,False,2,model_fold2_G,all_valid,,OOF_date_group_diagnostic,log1p_C,5.71042701737487,4.3987330317499485,1.720541111924591
FREP-338642-G,R04_B1_all_valid_v1,B1_formal_pending_R04,R02_input_20260905,Ciaran,1,False,False,2,model_fold2_G,all_valid,,OOF_date_group_diagnostic,log1p_C,0.0,3.7908837744253976,14.37079979120175
FREP-338646-G,R04_B1_all_valid_v1,B1_formal_pending_R04,R02_input_20260905,Ciaran,1,False,False,2,model_fold2_G,all_valid,,OOF_date_group_diagnostic,log1p_C,5.958424693029782,4.664644583584393,1.673866971596522
FREP-338649-G,R04_B1_all_valid_v1,B1_formal_pending_R04,R02_input_20260905,Ciaran,1,False,False,2,model_fold2_G,all_valid,,OOF_date_group_diagnostic,log1p_C,0.6931471805599453,3.542316051248224,8.11776325369912
FREP-338651-G,R04_B1_all_valid_v1,B1_formal_pending_R04,R02_input_20260905,Ciaran,1,False,False,2,model_fold2_G,all_valid,,OOF_date_group_diagnostic,log1p_C,6.582025138892826,4.5999265386148425,3.9287148612239413
FREP-338652-G,R04_B1_all_valid_v1,B1_formal_pending_R04,R02_input_20260905,Ciaran,1,False,False,2,model_fold2_G,all_valid,,OOF_date_group_diagnostic,log1p_C,4.919980925828125,4.510141111155684,0.16796867369074106
FREP-338654-G,R04_B1_all_valid_v1,B1_formal_pending_R04,R02_input_20260905,Ciaran,1,False,False,2,model_fold2_G,all_valid,,OOF_date_group_diagnostic,log1p_C,0.6931471805599453,4.551542308365998,14.887212962277486
FREP-338660-G,R04_B1_all_valid_v1,B1_formal_pending_R04,R02_input_20260905,Ciaran,1,False,False,2,model_fold2_G,all_valid,,OOF_date_group_diagnostic,log1p_C,5.111987788356544,4.426965405541504,0.4692556649575942
FREP-338666-G,R04_B1_all_valid_v1,B1_formal_pending_R04,R02_input_20260905,Ciaran,1,False,False,2,model_fold2_G,all_valid,,OOF_date_group_diagnostic,log1p_C,5.883322388488279,4.570014195145918,1.724778410700176
FREP-338670-G,R04_B1_all_valid_v1,B1_formal_pending_R04,R02_input_20260905,Ciaran,1,False,False,2,model_fold2_G,all_valid,,OOF_date_group_diagnostic,log1p_C,6.641182169740591,5.1936026011835805,2.095486607303701
FREP-338673-G,R04_B1_all_valid_v1,B1_formal_pending_R04,R02_input_20260905,Ciaran,1,False,False,2,model_fold2_G,all_valid,,OOF_date_group_diagnostic,log1p_C,1.3862943611198906,4.895876530227217,12.317167001716086
FREP-338674-G,R04_B1_all_valid_v1,B1_formal_pending_R04,R02_input_20260905,Ciaran,1,False,False,2,model_fold2_G,all_valid,,OOF_date_group_diagnostic,log1p_C,4.624972813284271,4.288368212743757,0.11330265710503877
FREP-338680-G,R04_B1_all_valid_v1,B1_formal_pending_R04,R02_input_20260905,Ciaran,1,False,False,2,model_fold2_G,all_valid,,OOF_date_group_diagnostic,log1p_C,6.829793737512425,4.931729813829112,3.6026466583880916
FREP-338691-G,R04_B1_all_valid_v1,B1_formal_pending_R04,R02_input_20260905,Ciaran,1,False,False,2,model_fold2_G,all_valid,,OOF_date_group_diagnostic,log1p_C,2.833213344056216,4.4408603698305384,2.5845289594810246
FREP-338711-G,R04_B1_all_valid_v1,B1_formal_pending_R04,R02_input_20260905,Ciaran,1,False,False,3,model_fold3_G,all_valid,,OOF_date_group_diagnostic,log1p_C,2.0794415416798357,3.495321257095883,2.0047153685266266
FREP-338716-G,R04_B1_all_valid_v1,B1_formal_pending_R04,R02_input_20260905,Ciaran,1,False,False,2,model_fold2_G,all_valid,,OOF_date_group_diagnostic,log1p_C,0.6931471805599453,3.664211180348852,8.827221290841656
FREP-338727-G,R04_B1_all_valid_v1,B1_formal_pending_R04,R02_input_20260905,Ciaran,1,False,False,2,model_fold2_G,all_valid,,OOF_date_group_diagnostic,log1p_C,0.6931471805599453,3.8716050155782282,10.10259420898911
FREP-338728-G,R04_B1_all_valid_v1,B1_formal_pending_R04,R02_input_20260905,Ciaran,1,False,False,3,model_fold3_G,all_valid,,OOF_date_group_diagnostic,log1p_C,0.0,3.182538027263999,10.128548294981428
FREP-338729-G,R04_B1_all_valid_v1,B1_formal_pending_R04,R02_input_20260905,Ciaran,1,False,False,2,model_fold2_G,all_valid,,OOF_date_group_diagnostic,log1p_C,0.0,3.8115760441202733,14.528111940111552
FREP-338731-G,R04_B1_all_valid_v1,B1_formal_pending_R04,R02_input_20260905,Ciaran,1,False,False,2,model_fold2_G,all_valid,,OOF_date_group_diagnostic,log1p_C,1.3862943611198906,3.698433561571651,5.345987682265705
FREP-338739-G,R04_B1_all_valid_v1,B1_formal_pending_R04,R02_input_20260905,Ciaran,1,False,False,2,model_fold2_G,all_valid,,OOF_date_group_diagnostic,log1p_C,4.990432586778736,3.623410755235237,1.8687486879165431
FREP-338742-G,R04_B1_all_valid_v1,B1_formal_pending_R04,R02_input_20260905,Ciaran,1,False,False,2,model_fold2_G,all_valid,,OOF_date_group_diagnostic,log1p_C,0.6931471805599453,3.8487054627150483,9.957548072077664
FREP-338744-G,R04_B1_all_valid_v1,B1_formal_pending_R04,R02_input_20260905,Ciaran,1,False,False,2,model_fold2_G,all_valid,,OOF_date_group_diagnostic,log1p_C,0.6931471805599453,3.832226425406737,9.853818505427903
FREP-338751-G,R04_B1_all_valid_v1,B1_formal_pending_R04,R02_input_20260905,Ciaran,1,False,False,2,model_fold2_G,all_valid,,OOF_date_group_diagnostic,log1p_C,4.852030263919617,3.685191207623318,1.361513383298437
FREP-338762-G,R04_B1_all_valid_v1,B1_formal_pending_R04,R02_input_20260905,Ciaran,1,False,False,2,model_fold2_G,all_valid,,OOF_date_group_diagnostic,log1p_C,1.0986122886681098,3.8599516487983143,7.624995061804286
FREP-338771-G,R04_B1_all_valid_v1,B1_formal_pending_R04,R02_input_20260905,Ciaran,1,False,False,2,model_fold2_G,all_valid,,OOF_date_group_diagnostic,log1p_C,6.042632833682381,3.8366894083020435,4.866186395978737
FREP-338777-G,R04_B1_all_valid_v1,B1_formal_pending_R04,R02_input_20260905,Ciaran,1,False,False,3,model_fold3_G,all_valid,,OOF_date_group_diagnostic,log1p_C,2.1972245773362196,3.388330978787237,1.418734459577592
FREP-338780-G,R04_B1_all_valid_v1,B1_formal_pending_R04,R02_input_20260905,Ciaran,1,False,False,3,model_fold3_G,all_valid,,OOF_date_group_diagnostic,log1p_C,5.043425116919247,3.654690880895088,1.928582778305604
FREP-338789-G,R04_B1_all_valid_v1,B1_formal_pending_R04,R02_input_20260905,Ciaran,1,False,False,3,model_fold3_G,all_valid,,OOF_date_group_diagnostic,log1p_C,3.091042453358316,3.117440318591165,0.0006968472888516659
FREP-338791-G,R04_B1_all_valid_v1,B1_formal_pending_R04,R02_input_20260905,Ciaran,1,False,False,3,model_fold3_G,all_valid,,OOF_date_group_diagnostic,log1p_C,0.6931471805599453,3.4904114709450234,7.824687510263534
FREP-338814-G,R04_B1_all_valid_v1,B1_formal_pending_R04,R02_input_20260905,Ciaran,1,False,False,3,model_fold3_G,all_valid,,OOF_date_group_diagnostic,log1p_C,0.6931471805599453,3.5117161974878526,7.944331303185949
FREP-338840-G,R04_B1_all_valid_v1,B1_formal_pending_R04,R02_input_20260905,Ciaran,1,False,False,3,model_fold3_G,all_valid,,OOF_date_group_diagnostic,log1p_C,0.6931471805599453,2.875321979823579,4.76188685454128
FREP-345061-G,R04_B1_all_valid_v1,B1_formal_pending_R04,R02_input_20260905,Henk,1,False,False,4,model_fold4_G,all_valid,,OOF_date_group_diagnostic,log1p_C,2.3978952727983707,3.3693941243327665,0.9438100185326501
FREP-345918-G,R04_B1_all_valid_v1,B1_formal_pending_R04,R02_input_20260905,Henk,1,False,False,4,model_fold4_G,all_valid,,OOF_date_group_diagnostic,log1p_C,6.411818267709897,2.95458146693122,11.952486296658382
FREP-345995-G,R04_B1_all_valid_v1,B1_formal_pending_R04,R02_input_20260905,Henk,1,False,False,4,model_fold4_G,all_valid,,OOF_date_group_diagnostic,log1p_C,3.091042453358316,3.052984537874649,0.0014484049309619314
FREP-345997-G,R04_B1_all_valid_v1,B1_formal_pending_R04,R02_input_20260905,Henk,1,False,False,4,model_fold4_G,all_valid,,OOF_date_group_diagnostic,log1p_C,0.6931471805599453,3.0645045997404985,5.623336009502653
FREP-345999-G,R04_B1_all_valid_v1,B1_formal_pending_R04,R02_input_20260905,Henk,1,False,False,4,model_fold4_G,all_valid,,OOF_date_group_diagnostic,log1p_C,0.6931471805599453,3.055842351691045,5.582328471686216
FREP-346000-G,R04_B1_all_valid_v1,B1_formal_pending_R04,R02_input_20260905,Henk,1,False,False,4,model_fold4_G,all_valid,,OOF_date_group_diagnostic,log1p_C,0.6931471805599453,2.9133310050690007,4.929216214611656
FREP-346001-G,R04_B1_all_valid_v1,B1_formal_pending_R04,R02_input_20260905,Henk,1,False,False,4,model_fold4_G,all_valid,,OOF_date_group_diagnostic,log1p_C,3.784189633918261,2.9771737442805555,0.6512746461277373
FREP-346004-G,R04_B1_all_valid_v1,B1_formal_pending_R04,R02_input_20260905,Henk,1,False,False,4,model_fold4_G,all_valid,,OOF_date_group_diagnostic,log1p_C,2.0794415416798357,3.0422650117022894,0.9270290344260786
FREP-346013-G,R04_B1_all_valid_v1,B1_formal_pending_R04,R02_input_20260905,Henk,1,False,False,4,model_fold4_G,all_valid,,OOF_date_group_diagnostic,log1p_C,2.302585092994046,2.9162824736695216,0.3766244750479398
FREP-346015-G,R04_B1_all_valid_v1,B1_formal_pending_R04,R02_input_20260905,Henk,1,False,False,4,model_fold4_G,all_valid,,OOF_date_group_diagnostic,log1p_C,0.6931471805599453,2.9479929030202294,5.08432923209744
FREP-346020-G,R04_B1_all_valid_v1,B1_formal_pending_R04,R02_input_20260905,Henk,1,False,False,4,model_fold4_G,all_valid,,OOF_date_group_diagnostic,log1p_C,0.6931471805599453,3.5672259037875746,8.26032850730976
FREP-346055-G,R04_B1_all_valid_v1,B1_formal_pending_R04,R02_input_20260905,Henk,1,False,False,4,model_fold4_G,all_valid,,OOF_date_group_diagnostic,log1p_C,1.791759469228055,3.301198098903563,2.2784049767566756
FREP-346059-G,R04_B1_all_valid_v1,B1_formal_pending_R04,R02_input_20260905,Henk,1,False,False,4,model_fold4_G,all_valid,,OOF_date_group_diagnostic,log1p_C,2.5649493574615367,3.414203322284661,0.7212322967677961
FREP-346071-G,R04_B1_all_valid_v1,B1_formal_pending_R04,R02_input_20260905,Henk,1,False,False,4,model_fold4_G,all_valid,,OOF_date_group_diagnostic,log1p_C,5.181783550292085,3.262100992200887,3.6851811238395658
FREP-346074-G,R04_B1_all_valid_v1,B1_formal_pending_R04,R02_input_20260905,Henk,1,False,False,4,model_fold4_G,all_valid,,OOF_date_group_diagnostic,log1p_C,5.123963979403259,3.5651638740588067,2.4298577684218747
FREP-346082-G,R04_B1_all_valid_v1,B1_formal_pending_R04,R02_input_20260905,Henk,1,False,False,4,model_fold4_G,all_valid,,OOF_date_group_diagnostic,log1p_C,6.595780513961311,3.4268881939309614,10.041878535947333
FREP-346083-G,R04_B1_all_valid_v1,B1_formal_pending_R04,R02_input_20260905,Henk,1,False,False,4,model_fold4_G,all_valid,,OOF_date_group_diagnostic,log1p_C,4.969813299576001,3.4034605370193147,2.453460976768962
FREP-346089-G,R04_B1_all_valid_v1,B1_formal_pending_R04,R02_input_20260905,Henk,1,False,False,3,model_fold3_G,all_valid,,OOF_date_group_diagnostic,log1p_C,2.3978952727983707,3.2738820666786634,0.7673528630526746
FREP-346093-G,R04_B1_all_valid_v1,B1_formal_pending_R04,R02_input_20260905,Henk,1,False,False,4,model_fold4_G,all_valid,,OOF_date_group_diagnostic,log1p_C,5.181783550292085,3.3448207052381496,3.3744324941086488
FREP-346094-G,R04_B1_all_valid_v1,B1_formal_pending_R04,R02_input_20260905,Henk,1,False,False,4,model_fold4_G,all_valid,,OOF_date_group_diagnostic,log1p_C,5.0106352940962555,3.3448207052381496,2.7749382444525006
FREP-346096-G,R04_B1_all_valid_v1,B1_formal_pending_R04,R02_input_20260905,Henk,1,False,False,4,model_fold4_G,all_valid,,OOF_date_group_diagnostic,log1p_C,5.5134287461649825,3.4496673685764883,4.25911102362596
FREP-346097-G,R04_B1_all_valid_v1,B1_formal_pending_R04,R02_input_20260905,Henk,1,False,False,4,model_fold4_G,all_valid,,OOF_date_group_diagnostic,log1p_C,5.786897381366708,3.381242047278993,5.787177586424674
FREP-346098-G,R04_B1_all_valid_v1,B1_formal_pending_R04,R02_input_20260905,Henk,1,False,False,4,model_fold4_G,all_valid,,OOF_date_group_diagnostic,log1p_C,5.616771097666572,3.3721890492397075,5.038148572120138
FREP-346101-G,R04_B1_all_valid_v1,B1_formal_pending_R04,R02_input_20260905,Henk,1,False,False,4,model_fold4_G,all_valid,,OOF_date_group_diagnostic,log1p_C,4.700480365792417,3.381242047278993,1.7403897410341251
FREP-346102-G,R04_B1_all_valid_v1,B1_formal_pending_R04,R02_input_20260905,Henk,1,False,False,4,model_fold4_G,all_valid,,OOF_date_group_diagnostic,log1p_C,6.656726524178391,3.3448207052381496,10.968720153530233
FREP-346103-G,R04_B1_all_valid_v1,B1_formal_pending_R04,R02_input_20260905,Henk,1,False,False,4,model_fold4_G,all_valid,,OOF_date_group_diagnostic,log1p_C,4.77912349311153,3.725161073733518,1.110836781461152
FREP-346104-G,R04_B1_all_valid_v1,B1_formal_pending_R04,R02_input_20260905,Henk,1,False,False,4,model_fold4_G,all_valid,,OOF_date_group_diagnostic,log1p_C,4.859812404361672,3.587134954787777,1.6197078906539137
FREP-346105-G,R04_B1_all_valid_v1,B1_formal_pending_R04,R02_input_20260905,Henk,1,False,False,4,model_fold4_G,all_valid,,OOF_date_group_diagnostic,log1p_C,5.8377304471659395,3.446522796313012,5.717874029497577
FREP-346108-G,R04_B1_all_valid_v1,B1_formal_pending_R04,R02_input_20260905,Henk,1,False,False,4,model_fold4_G,all_valid,,OOF_date_group_diagnostic,log1p_C,6.455198563340122,3.626205565494113,8.003201381861752
FREP-346110-G,R04_B1_all_valid_v1,B1_formal_pending_R04,R02_input_20260905,Henk,1,False,False,4,model_fold4_G,all_valid,,OOF_date_group_diagnostic,log1p_C,1.0986122886681098,3.597437908713167,6.244129479393564
FREP-346111-G,R04_B1_all_valid_v1,B1_formal_pending_R04,R02_input_20260905,Henk,1,False,False,4,model_fold4_G,all_valid,,OOF_date_group_diagnostic,log1p_C,2.0794415416798357,3.622508906184675,2.381056891399911
FREP-346112-G,R04_B1_all_valid_v1,B1_formal_pending_R04,R02_input_20260905,Henk,1,False,False,4,model_fold4_G,all_valid,,OOF_date_group_diagnostic,log1p_C,3.7612001156935624,3.4463838004121214,0.09910931236738363
FREP-346113-G,R04_B1_all_valid_v1,B1_formal_pending_R04,R02_input_20260905,Henk,1,False,False,4,model_fold4_G,all_valid,,OOF_date_group_diagnostic,log1p_C,6.505784060128229,3.382235337123755,9.756556624982881
FREP-346114-G,R04_B1_all_valid_v1,B1_formal_pending_R04,R02_input_20260905,Henk,1,False,False,4,model_fold4_G,all_valid,,OOF_date_group_diagnostic,log1p_C,6.063785208687608,3.4905915032483885,6.62132584571202
FREP-346116-G,R04_B1_all_valid_v1,B1_formal_pending_R04,R02_input_20260905,Henk,1,False,False,4,model_fold4_G,all_valid,,OOF_date_group_diagnostic,log1p_C,5.472270673671475,3.7222900292781813,3.0624322557511676
FREP-346118-G,R04_B1_all_valid_v1,B1_formal_pending_R04,R02_input_20260905,Henk,1,False,False,4,model_fold4_G,all_valid,,OOF_date_group_diagnostic,log1p_C,5.916202062607435,3.6410328183170657,5.17639509016481
FREP-346120-G,R04_B1_all_valid_v1,B1_formal_pending_R04,R02_input_20260905,Henk,1,False,False,4,model_fold4_G,all_valid,,OOF_date_group_diagnostic,log1p_C,7.346655163176539,3.833167146906157,12.344598040475585
FREP-346121-G,R04_B1_all_valid_v1,B1_formal_pending_R04,R02_input_20260905,Henk,1,False,False,4,model_fold4_G,all_valid,,OOF_date_group_diagnostic,log1p_C,4.762173934797756,3.604155957577982,1.3410056355641782
FREP-346124-G,R04_B1_all_valid_v1,B1_formal_pending_R04,R02_input_20260905,Henk,1,False,False,4,model_fold4_G,all_valid,,OOF_date_group_diagnostic,log1p_C,3.7376696182833684,3.833167146906157,0.009119777973060328
FREP-346127-G,R04_B1_all_valid_v1,B1_formal_pending_R04,R02_input_20260905,Henk,1,False,False,4,model_fold4_G,all_valid,,OOF_date_group_diagnostic,log1p_C,1.0986122886681098,3.783341944746812,7.207773326228468
FREP-346128-G,R04_B1_all_valid_v1,B1_formal_pending_R04,R02_input_20260905,Henk,1,False,False,4,model_fold4_G,all_valid,,OOF_date_group_diagnostic,log1p_C,0.6931471805599453,3.7507198669231587,9.348750732394357
FREP-346136-G,R04_B1_all_valid_v1,B1_formal_pending_R04,R02_input_20260905,Henk,1,False,False,4,model_fold4_G,all_valid,,OOF_date_group_diagnostic,log1p_C,5.308267697401205,3.8003421310752143,2.27383951357956
FREP-346138-G,R04_B1_all_valid_v1,B1_formal_pending_R04,R02_input_20260905,Henk,1,False,False,4,model_fold4_G,all_valid,,OOF_date_group_diagnostic,log1p_C,5.402677381872279,3.833167146906157,2.4633623776634126
FREP-346144-G,R04_B1_all_valid_v1,B1_formal_pending_R04,R02_input_20260905,Henk,1,False,False,4,model_fold4_G,all_valid,,OOF_date_group_diagnostic,log1p_C,4.553876891600541,3.5588599988173346,0.9900586169239464
FREP-346146-G,R04_B1_all_valid_v1,B1_formal_pending_R04,R02_input_20260905,Henk,1,False,False,4,model_fold4_G,all_valid,,OOF_date_group_diagnostic,log1p_C,6.246106765481563,3.7311572210556596,6.324971211008058
FREP-346147-G,R04_B1_all_valid_v1,B1_formal_pending_R04,R02_input_20260905,Henk,1,False,False,4,model_fold4_G,all_valid,,OOF_date_group_diagnostic,log1p_C,0.6931471805599453,3.4769629504547037,7.749630240714746
FREP-346150-G,R04_B1_all_valid_v1,B1_formal_pending_R04,R02_input_20260905,Henk,1,False,False,4,model_fold4_G,all_valid,,OOF_date_group_diagnostic,log1p_C,6.459904454377535,3.855691409114392,6.7819255851187314
FREP-346151-G,R04_B1_all_valid_v1,B1_formal_pending_R04,R02_input_20260905,Henk,1,False,False,4,model_fold4_G,all_valid,,OOF_date_group_diagnostic,log1p_C,1.3862943611198906,3.3384412428043158,3.810877447670225
FREP-346153-G,R04_B1_all_valid_v1,B1_formal_pending_R04,R02_input_20260905,Henk,1,False,False,4,model_fold4_G,all_valid,,OOF_date_group_diagnostic,log1p_C,4.189654742026425,3.7292288419769193,0.2119920094363976
FREP-346156-G,R04_B1_all_valid_v1,B1_formal_pending_R04,R02_input_20260905,Henk,1,False,False,4,model_fold4_G,all_valid,,OOF_date_group_diagnostic,log1p_C,4.836281906951478,3.7291026151175575,1.2258459842658618
FREP-346158-G,R04_B1_all_valid_v1,B1_formal_pending_R04,R02_input_20260905,Henk,1,False,False,4,model_fold4_G,all_valid,,OOF_date_group_diagnostic,log1p_C,4.248495242049359,3.738629034582925,0.25996354951620515
FREP-346162-G,R04_B1_all_valid_v1,B1_formal_pending_R04,R02_input_20260905,Henk,1,False,False,4,model_fold4_G,all_valid,,OOF_date_group_diagnostic,log1p_C,2.3978952727983707,2.6554091827446507,0.0663134138158208
FREP-346164-G,R04_B1_all_valid_v1,B1_formal_pending_R04,R02_input_20260905,Henk,1,False,False,4,model_fold4_G,all_valid,,OOF_date_group_diagnostic,log1p_C,1.791759469228055,3.469141049452819,2.8136089656773273
FREP-346165-G,R04_B1_all_valid_v1,B1_formal_pending_R04,R02_input_20260905,Henk,1,False,False,4,model_fold4_G,all_valid,,OOF_date_group_diagnostic,log1p_C,2.995732273553991,3.5672259037875746,0.3266049693975602
FREP-346166-G,R04_B1_all_valid_v1,B1_formal_pending_R04,R02_input_20260905,Henk,1,False,False,4,model_fold4_G,all_valid,,OOF_date_group_diagnostic,log1p_C,0.6931471805599453,2.98875539689272,5.2698170828945425
FREP-346170-G,R04_B1_all_valid_v1,B1_formal_pending_R04,R02_input_20260905,Henk,1,False,False,4,model_fold4_G,all_valid,,OOF_date_group_diagnostic,log1p_C,1.0986122886681098,3.9538644535317617,8.15246492495857
FREP-346172-G,R04_B1_all_valid_v1,B1_formal_pending_R04,R02_input_20260905,Henk,1,False,False,4,model_fold4_G,all_valid,,OOF_date_group_diagnostic,log1p_C,6.349138991379798,3.8003421310752143,6.496365435098502
FREP-346176-G,R04_B1_all_valid_v1,B1_formal_pending_R04,R02_input_20260905,Henk,1,False,False,4,model_fold4_G,all_valid,,OOF_date_group_diagnostic,log1p_C,3.1354942159291497,3.5578382578180987,0.17837448971909434
FREP-346178-G,R04_B1_all_valid_v1,B1_formal_pending_R04,R02_input_20260905,Henk,1,False,False,4,model_fold4_G,all_valid,,OOF_date_group_diagnostic,log1p_C,6.447305862541213,3.6695442375736773,7.7159596451422825
FREP-346180-G,R04_B1_all_valid_v1,B1_formal_pending_R04,R02_input_20260905,Henk,1,False,False,3,model_fold3_G,all_valid,,OOF_date_group_diagnostic,log1p_C,2.302585092994046,3.332513313383281,1.0607521391541372
FREP-346183-G,R04_B1_all_valid_v1,B1_formal_pending_R04,R02_input_20260905,Henk,1,False,False,4,model_fold4_G,all_valid,,OOF_date_group_diagnostic,log1p_C,1.6094379124341003,3.7913240110972053,4.760626947539304
FREP-346188-G,R04_B1_all_valid_v1,B1_formal_pending_R04,R02_input_20260905,Henk,1,False,False,4,model_fold4_G,all_valid,,OOF_date_group_diagnostic,log1p_C,4.852030263919617,3.1681893665051546,2.8353201678055417
FREP-346196-G,R04_B1_all_valid_v1,B1_formal_pending_R04,R02_input_20260905,Henk,1,False,False,4,model_fold4_G,all_valid,,OOF_date_group_diagnostic,log1p_C,6.595780513961311,2.9228226349611885,13.49061958090908
FREP-346201-G,R04_B1_all_valid_v1,B1_formal_pending_R04,R02_input_20260905,Henk,1,False,False,4,model_fold4_G,all_valid,,OOF_date_group_diagnostic,log1p_C,4.406719247264253,3.318575728977184,1.1840563163901616
FREP-346202-G,R04_B1_all_valid_v1,B1_formal_pending_R04,R02_input_20260905,Henk,1,False,False,4,model_fold4_G,all_valid,,OOF_date_group_diagnostic,log1p_C,2.9444389791664403,3.2288906502883092,0.08091275320402391
FREP-346203-G,R04_B1_all_valid_v1,B1_formal_pending_R04,R02_input_20260905,Henk,1,False,False,4,model_fold4_G,all_valid,,OOF_date_group_diagnostic,log1p_C,4.007333185232471,3.80140875621424,0.04240487046648452
FREP-346204-G,R04_B1_all_valid_v1,B1_formal_pending_R04,R02_input_20260905,Henk,1,False,False,4,model_fold4_G,all_valid,,OOF_date_group_diagnostic,log1p_C,0.6931471805599453,3.2180636112455367,6.3752029819460665
FREP-346206-G,R04_B1_all_valid_v1,B1_formal_pending_R04,R02_input_20260905,Henk,1,False,False,4,model_fold4_G,all_valid,,OOF_date_group_diagnostic,log1p_C,2.302585092994046,3.963881444144884,2.7599055663470895
FREP-346207-G,R04_B1_all_valid_v1,B1_formal_pending_R04,R02_input_20260905,Henk,1,False,False,3,model_fold3_G,all_valid,,OOF_date_group_diagnostic,log1p_C,4.700480365792417,3.339660666107792,1.851830255049752
FREP-346209-G,R04_B1_all_valid_v1,B1_formal_pending_R04,R02_input_20260905,Henk,1,False,False,4,model_fold4_G,all_valid,,OOF_date_group_diagnostic,log1p_C,4.174387269895637,3.1351854764972638,1.0799403674023949
FREP-346211-G,R04_B1_all_valid_v1,B1_formal_pending_R04,R02_input_20260905,Henk,1,False,False,4,model_fold4_G,all_valid,,OOF_date_group_diagnostic,log1p_C,2.833213344056216,3.963881444144884,1.2784103525581183
FREP-346219-G,R04_B1_all_valid_v1,B1_formal_pending_R04,R02_input_20260905,Henk,1,False,False,3,model_fold3_G,all_valid,,OOF_date_group_diagnostic,log1p_C,2.1972245773362196,3.414134615918288,1.4808700420018117
FREP-346221-G,R04_B1_all_valid_v1,B1_formal_pending_R04,R02_input_20260905,Henk,1,False,False,4,model_fold4_G,all_valid,,OOF_date_group_diagnostic,log1p_C,5.799092654460526,3.0882275555034893,7.348789584743343
FREP-346227-G,R04_B1_all_valid_v1,B1_formal_pending_R04,R02_input_20260905,Henk,1,False,False,4,model_fold4_G,all_valid,,OOF_date_group_diagnostic,log1p_C,4.844187086458591,3.219355879646938,2.640076450629013
FREP-346228-G,R04_B1_all_valid_v1,B1_formal_pending_R04,R02_input_20260905,Henk,1,False,False,4,model_fold4_G,all_valid,,OOF_date_group_diagnostic,log1p_C,5.488937726156687,3.165262889941271,5.399464744460738
FREP-346230-G,R04_B1_all_valid_v1,B1_formal_pending_R04,R02_input_20260905,Henk,1,False,False,4,model_fold4_G,all_valid,,OOF_date_group_diagnostic,log1p_C,4.762173934797756,3.2217927215679527,2.3727742820713216
FREP-346233-G,R04_B1_all_valid_v1,B1_formal_pending_R04,R02_input_20260905,Henk,1,False,False,4,model_fold4_G,all_valid,,OOF_date_group_diagnostic,log1p_C,5.752572638825633,2.986502768053583,7.651142529992905
FREP-346236-G,R04_B1_all_valid_v1,B1_formal_pending_R04,R02_input_20260905,Henk,1,False,False,4,model_fold4_G,all_valid,,OOF_date_group_diagnostic,log1p_C,0.6931471805599453,3.072615694921248,5.6618704108367846
FREP-346239-G,R04_B1_all_valid_v1,B1_formal_pending_R04,R02_input_20260905,Henk,1,False,False,4,model_fold4_G,all_valid,,OOF_date_group_diagnostic,log1p_C,4.859812404361672,3.0480371964196245,3.2825294041134496
FREP-346243-G,R04_B1_all_valid_v1,B1_formal_pending_R04,R02_input_20260905,Henk,1,False,False,4,model_fold4_G,all_valid,,OOF_date_group_diagnostic,log1p_C,4.330733340286331,2.912698477865506,2.010822871040848
FREP-346244-G,R04_B1_all_valid_v1,B1_formal_pending_R04,R02_input_20260905,Henk,1,False,False,4,model_fold4_G,all_valid,,OOF_date_group_diagnostic,log1p_C,2.3978952727983707,2.640492958290382,0.05885363700608095
FREP-346248-G,R04_B1_all_valid_v1,B1_formal_pending_R04,R02_input_20260905,Henk,1,False,False,3,model_fold3_G,all_valid,,OOF_date_group_diagnostic,log1p_C,7.681099001536359,3.622161924142739,16.474970198240666
FREP-346254-G,R04_B1_all_valid_v1,B1_formal_pending_R04,R02_input_20260905,Henk,1,False,False,3,model_fold3_G,all_valid,,OOF_date_group_diagnostic,log1p_C,4.859812404361672,2.9381373195491336,3.6928351315892765
FREP-346256-G,R04_B1_all_valid_v1,B1_formal_pending_R04,R02_input_20260905,Henk,1,False,False,3,model_fold3_G,all_valid,,OOF_date_group_diagnostic,log1p_C,1.0986122886681098,3.1622803525360754,4.258725877828559
FREP-346259-G,R04_B1_all_valid_v1,B1_formal_pending_R04,R02_input_20260905,Henk,1,False,False,3,model_fold3_G,all_valid,,OOF_date_group_diagnostic,log1p_C,2.8903717578961645,3.340008486843235,0.20217318801822146
FREP-346261-G,R04_B1_all_valid_v1,B1_formal_pending_R04,R02_input_20260905,Henk,1,False,False,3,model_fold3_G,all_valid,,OOF_date_group_diagnostic,log1p_C,3.091042453358316,3.261851117381228,0.029175599705291978
FREP-346269-G,R04_B1_all_valid_v1,B1_formal_pending_R04,R02_input_20260905,Henk,1,False,False,3,model_fold3_G,all_valid,,OOF_date_group_diagnostic,log1p_C,2.772588722239781,3.226945155394477,0.2064397683490576
FREP-346271-G,R04_B1_all_valid_v1,B1_formal_pending_R04,R02_input_20260905,Henk,1,False,False,3,model_fold3_G,all_valid,,OOF_date_group_diagnostic,log1p_C,3.713572066704308,3.3865724565150788,0.10692874506390784
FREP-346272-G,R04_B1_all_valid_v1,B1_formal_pending_R04,R02_input_20260905,Henk,1,False,False,3,model_fold3_G,all_valid,,OOF_date_group_diagnostic,log1p_C,1.3862943611198906,3.344015873052706,3.8326735182845084
FREP-346273-G,R04_B1_all_valid_v1,B1_formal_pending_R04,R02_input_20260905,Henk,1,False,False,3,model_fold3_G,all_valid,,OOF_date_group_diagnostic,log1p_C,1.0986122886681098,3.1708487363816604,4.294163895232476
FREP-346276-G,R04_B1_all_valid_v1,B1_formal_pending_R04,R02_input_20260905,Henk,1,False,False,3,model_fold3_G,all_valid,,OOF_date_group_diagnostic,log1p_C,5.6240175061873385,3.260895654365862,5.584344886556164
FREP-346277-G,R04_B1_all_valid_v1,B1_formal_pending_R04,R02_input_20260905,Henk,1,False,False,3,model_fold3_G,all_valid,,OOF_date_group_diagnostic,log1p_C,1.0986122886681098,3.2636308101308438,4.687305198276683
FREP-346298-G,R04_B1_all_valid_v1,B1_formal_pending_R04,R02_input_20260905,Henk,1,False,False,3,model_fold3_G,all_valid,,OOF_date_group_diagnostic,log1p_C,0.6931471805599453,3.2070723126301837,6.319819569654365
FREP-346305-G,R04_B1_all_valid_v1,B1_formal_pending_R04,R02_input_20260905,Henk,1,False,False,3,model_fold3_G,all_valid,,OOF_date_group_diagnostic,log1p_C,1.0986122886681098,3.2431803892969318,4.599172338234714
FREP-346313-G,R04_B1_all_valid_v1,B1_formal_pending_R04,R02_input_20260905,Henk,1,False,False,3,model_fold3_G,all_valid,,OOF_date_group_diagnostic,log1p_C,1.0986122886681098,3.454154287439574,5.548578107976265
FREP-346345-G,R04_B1_all_valid_v1,B1_formal_pending_R04,R02_input_20260905,Henk,1,False,False,3,model_fold3_G,all_valid,,OOF_date_group_diagnostic,log1p_C,0.6931471805599453,3.1112879148001413,5.847404610591714
FREP-346361-G,R04_B1_all_valid_v1,B1_formal_pending_R04,R02_input_20260905,Henk,1,False,False,3,model_fold3_G,all_valid,,OOF_date_group_diagnostic,log1p_C,5.093750200806762,3.4161767559221063,2.814252662982172
FREP-346372-G,R04_B1_all_valid_v1,B1_formal_pending_R04,R02_input_20260905,Henk,1,False,False,3,model_fold3_G,all_valid,,OOF_date_group_diagnostic,log1p_C,2.6390573296152584,3.0240775592539406,0.14824057723102357
FREP-346380-G,R04_B1_all_valid_v1,B1_formal_pending_R04,R02_input_20260905,Henk,1,False,False,4,model_fold4_G,all_valid,,OOF_date_group_diagnostic,log1p_C,0.0,3.833167146906157,14.693170376120689
FREP-346385-G,R04_B1_all_valid_v1,B1_formal_pending_R04,R02_input_20260905,Henk,1,False,False,4,model_fold4_G,all_valid,,OOF_date_group_diagnostic,log1p_C,0.0,3.833167146906157,14.693170376120689
FREP-346388-G,R04_B1_all_valid_v1,B1_formal_pending_R04,R02_input_20260905,Henk,1,False,False,3,model_fold3_G,all_valid,,OOF_date_group_diagnostic,log1p_C,3.044522437723423,3.36486534809869,0.10261958022769625
FREP-346391-G,R04_B1_all_valid_v1,B1_formal_pending_R04,R02_input_20260905,Henk,1,False,False,4,model_fold4_G,all_valid,,OOF_date_group_diagnostic,log1p_C,0.0,3.833167146906157,14.693170376120689
FREP-346398-G,R04_B1_all_valid_v1,B1_formal_pending_R04,R02_input_20260905,Henk,1,False,False,3,model_fold3_G,all_valid,,OOF_date_group_diagnostic,log1p_C,0.0,2.9381373195491336,8.632650908527367
FREP-346432-G,R04_B1_all_valid_v1,B1_formal_pending_R04,R02_input_20260905,Henk,1,False,False,3,model_fold3_G,all_valid,,OOF_date_group_diagnostic,log1p_C,3.4657359027997265,3.190670114380913,0.07566118795846345
FREP-346436-G,R04_B1_all_valid_v1,B1_formal_pending_R04,R02_input_20260905,Henk,1,False,False,3,model_fold3_G,all_valid,,OOF_date_group_diagnostic,log1p_C,0.6931471805599453,3.2156246141615226,6.362892403029199
FREP-346441-G,R04_B1_all_valid_v1,B1_formal_pending_R04,R02_input_20260905,Henk,1,False,False,3,model_fold3_G,all_valid,,OOF_date_group_diagnostic,log1p_C,0.6931471805599453,3.190670114380913,6.2376208049616935
FREP-346451-G,R04_B1_all_valid_v1,B1_formal_pending_R04,R02_input_20260905,Henk,1,False,False,3,model_fold3_G,all_valid,,OOF_date_group_diagnostic,log1p_C,2.4849066497880004,3.147844503812535,0.43948659829865505
FREP-346456-G,R04_B1_all_valid_v1,B1_formal_pending_R04,R02_input_20260905,Henk,1,False,False,3,model_fold3_G,all_valid,,OOF_date_group_diagnostic,log1p_C,3.871201010907891,2.8683121138843597,1.0057861397730754
FREP-402800-Z,R04_B1_all_valid_v1,B1_formal_pending_R04,R02_input_20260905,Babet,1,False,False,2,model_fold2_G,all_valid,,OOF_date_group_diagnostic,log1p_C,5.241747015059643,3.274828871865816,3.868766982025051
FREP-402825-Z,R04_B1_all_valid_v1,B1_formal_pending_R04,R02_input_20260905,Babet,1,False,False,2,model_fold2_G,all_valid,,OOF_date_group_diagnostic,log1p_C,5.655991810819852,3.377752642960194,5.1903737059698685
FREP-402853-Z,R04_B1_all_valid_v1,B1_formal_pending_R04,R02_input_20260905,Babet,1,False,False,2,model_fold2_G,all_valid,,OOF_date_group_diagnostic,log1p_C,1.0986122886681098,3.0174798535108187,3.682052731405388
FREP-402905-Z,R04_B1_all_valid_v1,B1_formal_pending_R04,R02_input_20260905,Babet,1,False,False,3,model_fold3_G,all_valid,,OOF_date_group_diagnostic,log1p_C,6.893656354602635,3.570777724444068,11.041522390764477
FREP-402940-Z,R04_B1_all_valid_v1,B1_formal_pending_R04,R02_input_20260905,Babet,1,False,False,3,model_fold3_G,all_valid,,OOF_date_group_diagnostic,log1p_C,0.6931471805599453,3.5332940900711103,8.066434467605822
FREP-403030-Z,R04_B1_all_valid_v1,B1_formal_pending_R04,R02_input_20260905,Babet,1,False,False,3,model_fold3_G,all_valid,,OOF_date_group_diagnostic,log1p_C,5.929589143389895,3.822298644059112,4.44067324856978
FREP-403051-Z,R04_B1_all_valid_v1,B1_formal_pending_R04,R02_input_20260905,Babet,1,False,False,3,model_fold3_G,all_valid,,OOF_date_group_diagnostic,log1p_C,0.6931471805599453,3.820932611837181,9.783041704110122
FREP-403083-Z,R04_B1_all_valid_v1,B1_formal_pending_R04,R02_input_20260905,Babet,1,False,False,3,model_fold3_G,all_valid,,OOF_date_group_diagnostic,log1p_C,1.0986122886681098,3.8423591723712036,7.528146961830437
FREP-403119-Z,R04_B1_all_valid_v1,B1_formal_pending_R04,R02_input_20260905,Babet,1,False,False,3,model_fold3_G,all_valid,,OOF_date_group_diagnostic,log1p_C,6.150602768446279,3.8216056772266427,5.424227450909528
FREP-403121-Z,R04_B1_all_valid_v1,B1_formal_pending_R04,R02_input_20260905,Babet,1,False,False,3,model_fold3_G,all_valid,,OOF_date_group_diagnostic,log1p_C,6.375024819828097,3.860403801426986,6.32331886618464
FREP-403125-Z,R04_B1_all_valid_v1,B1_formal_pending_R04,R02_input_20260905,Babet,1,False,False,3,model_fold3_G,all_valid,,OOF_date_group_diagnostic,log1p_C,5.476463551931511,3.8664167362697217,2.592250748622668
FREP-403133-Z,R04_B1_all_valid_v1,B1_formal_pending_R04,R02_input_20260905,Babet,1,False,False,3,model_fold3_G,all_valid,,OOF_date_group_diagnostic,log1p_C,6.582025138892826,3.860403801426986,7.407222704549348
FREP-403164-Z,R04_B1_all_valid_v1,B1_formal_pending_R04,R02_input_20260905,Babet,1,False,False,1,model_fold1_G,all_valid,,OOF_date_group_diagnostic,log1p_C,5.298317366548036,3.5345924051140885,3.110725739585181
FREP-403229-Z,R04_B1_all_valid_v1,B1_formal_pending_R04,R02_input_20260905,Babet,1,False,False,1,model_fold1_G,all_valid,,OOF_date_group_diagnostic,log1p_C,3.4011973816621555,3.423693495414951,0.0005060751339787138
FREP-403292-Z,R04_B1_all_valid_v1,B1_formal_pending_R04,R02_input_20260905,Babet,1,False,False,1,model_fold1_G,all_valid,,OOF_date_group_diagnostic,log1p_C,4.584967478670572,3.6213479622630897,0.9285625724013905
FREP-403318-Z,R04_B1_all_valid_v1,B1_formal_pending_R04,R02_input_20260905,Babet,1,False,False,1,model_fold1_G,all_valid,,OOF_date_group_diagnostic,log1p_C,2.0794415416798357,3.6593311076379877,2.496051040623438
FREP-403362-Z,R04_B1_all_valid_v1,B1_formal_pending_R04,R02_input_20260905,Babet,1,False,False,1,model_fold1_G,all_valid,,OOF_date_group_diagnostic,log1p_C,5.442417710521793,3.6359131164691814,3.263458848333192
FREP-403379-Z,R04_B1_all_valid_v1,B1_formal_pending_R04,R02_input_20260905,Babet,1,False,False,1,model_fold1_G,all_valid,,OOF_date_group_diagnostic,log1p_C,2.9444389791664403,3.3241624805716485,0.1441899375194312
FREP-403384-Z,R04_B1_all_valid_v1,B1_formal_pending_R04,R02_input_20260905,Babet,1,False,False,1,model_fold1_G,all_valid,,OOF_date_group_diagnostic,log1p_C,4.5217885770490405,3.651012996177201,0.7582501122426897
FREP-403419-Z,R04_B1_all_valid_v1,B1_formal_pending_R04,R02_input_20260905,Babet,1,False,False,4,model_fold4_G,all_valid,,OOF_date_group_diagnostic,log1p_C,7.332369205929062,3.5870343253485015,14.027533367693403
FREP-403421-Z,R04_B1_all_valid_v1,B1_formal_pending_R04,R02_input_20260905,Babet,1,False,False,4,model_fold4_G,all_valid,,OOF_date_group_diagnostic,log1p_C,1.3862943611198906,3.7309055130543336,5.497201453775357
FREP-403435-Z,R04_B1_all_valid_v1,B1_formal_pending_R04,R02_input_20260905,Babet,1,False,False,4,model_fold4_G,all_valid,,OOF_date_group_diagnostic,log1p_C,4.787491742782046,3.3930941024589223,1.944344779338695
FREP-403457-Z,R04_B1_all_valid_v1,B1_formal_pending_R04,R02_input_20260905,Babet,1,False,False,4,model_fold4_G,all_valid,,OOF_date_group_diagnostic,log1p_C,3.1354942159291497,3.8620361346720116,0.5278631596905593
FREP-403459-Z,R04_B1_all_valid_v1,B1_formal_pending_R04,R02_input_20260905,Babet,1,False,False,4,model_fold4_G,all_valid,,OOF_date_group_diagnostic,log1p_C,0.6931471805599453,3.2121930105240417,6.345591893459503
FREP-403464-Z,R04_B1_all_valid_v1,B1_formal_pending_R04,R02_input_20260905,Babet,1,False,False,4,model_fold4_G,all_valid,,OOF_date_group_diagnostic,log1p_C,0.6931471805599453,3.287913851164895,6.732814074882295
FREP-403471-Z,R04_B1_all_valid_v1,B1_formal_pending_R04,R02_input_20260905,Babet,1,False,False,4,model_fold4_G,all_valid,,OOF_date_group_diagnostic,log1p_C,6.655440350367647,2.913304567746555,14.003580215573173
FREP-403525-Z,R04_B1_all_valid_v1,B1_formal_pending_R04,R02_input_20260905,Babet,1,False,False,4,model_fold4_G,all_valid,,OOF_date_group_diagnostic,log1p_C,0.0,2.4601011449962047,6.052097643611638
FREP-403534-Z,R04_B1_all_valid_v1,B1_formal_pending_R04,R02_input_20260905,Babet,1,False,False,4,model_fold4_G,all_valid,,OOF_date_group_diagnostic,log1p_C,2.1972245773362196,3.075926888397967,0.7721177514652562
FREP-403550-Z,R04_B1_all_valid_v1,B1_formal_pending_R04,R02_input_20260905,Babet,1,False,False,4,model_fold4_G,all_valid,,OOF_date_group_diagnostic,log1p_C,1.6094379124341003,3.1466700235112826,2.3630825633268104
FREP-403585-Z,R04_B1_all_valid_v1,B1_formal_pending_R04,R02_input_20260905,Babet,1,False,False,4,model_fold4_G,all_valid,,OOF_date_group_diagnostic,log1p_C,6.230481447578482,2.898784673169444,11.100203396607586
FREP-403597-Z,R04_B1_all_valid_v1,B1_formal_pending_R04,R02_input_20260905,Babet,1,False,False,4,model_fold4_G,all_valid,,OOF_date_group_diagnostic,log1p_C,1.0986122886681098,2.584757156665184,2.2086265686740414
FREP-403626-Z,R04_B1_all_valid_v1,B1_formal_pending_R04,R02_input_20260905,Babet,1,False,False,4,model_fold4_G,all_valid,,OOF_date_group_diagnostic,log1p_C,5.583496308781699,2.645307343374737,8.632954396439235
FREP-403671-Z,R04_B1_all_valid_v1,B1_formal_pending_R04,R02_input_20260905,Babet,1,False,False,4,model_fold4_G,all_valid,,OOF_date_group_diagnostic,log1p_C,2.1972245773362196,2.309417634446503,0.012587282063751358
FREP-403684-Z,R04_B1_all_valid_v1,B1_formal_pending_R04,R02_input_20260905,Babet,1,False,False,4,model_fold4_G,all_valid,,OOF_date_group_diagnostic,log1p_C,0.0,3.3459838590004014,11.195607984691218
FREP-403718-Z,R04_B1_all_valid_v1,B1_formal_pending_R04,R02_input_20260905,Babet,1,False,False,1,model_fold1_G,all_valid,,OOF_date_group_diagnostic,log1p_C,5.75890177387728,3.091935335206424,7.1127099849967115
FREP-403720-Z,R04_B1_all_valid_v1,B1_formal_pending_R04,R02_input_20260905,Babet,1,False,False,4,model_fold4_G,all_valid,,OOF_date_group_diagnostic,log1p_C,6.056784013228625,2.4035814918569334,13.345888662156483
FREP-403743-Z,R04_B1_all_valid_v1,B1_formal_pending_R04,R02_input_20260905,Babet,1,False,False,4,model_fold4_G,all_valid,,OOF_date_group_diagnostic,log1p_C,4.919980925828125,2.877690339666566,4.170950838324125
FREP-403762-Z,R04_B1_all_valid_v1,B1_formal_pending_R04,R02_input_20260905,Babet,1,False,False,1,model_fold1_G,all_valid,,OOF_date_group_diagnostic,log1p_C,7.067319848653476,2.50380527260663,20.82566528579202
FREP-403783-Z,R04_B1_all_valid_v1,B1_formal_pending_R04,R02_input_20260905,Babet,1,False,False,1,model_fold1_G,all_valid,,OOF_date_group_diagnostic,log1p_C,7.358830898342354,3.4609019994748618,15.193849700626338
FREP-403800-Z,R04_B1_all_valid_v1,B1_formal_pending_R04,R02_input_20260905,Babet,1,False,False,1,model_fold1_G,all_valid,,OOF_date_group_diagnostic,log1p_C,0.0,3.271491182069078,10.702654554355734
FREP-403833-Z,R04_B1_all_valid_v1,B1_formal_pending_R04,R02_input_20260905,Babet,1,False,False,1,model_fold1_G,all_valid,,OOF_date_group_diagnostic,log1p_C,0.6931471805599453,3.651015808300219,8.74898681897013
FREP-403840-Z,R04_B1_all_valid_v1,B1_formal_pending_R04,R02_input_20260905,Babet,1,False,False,1,model_fold1_G,all_valid,,OOF_date_group_diagnostic,log1p_C,0.0,3.7094141524393685,13.759753354317478
FREP-403854-Z,R04_B1_all_valid_v1,B1_formal_pending_R04,R02_input_20260905,Babet,1,False,False,1,model_fold1_G,all_valid,,OOF_date_group_diagnostic,log1p_C,0.6931471805599453,3.324252802452661,6.9227167935554546
FREP-403856-Z,R04_B1_all_valid_v1,B1_formal_pending_R04,R02_input_20260905,Babet,1,False,False,1,model_fold1_G,all_valid,,OOF_date_group_diagnostic,log1p_C,5.438079308923196,3.8338860853863803,2.5734358984414385
FREP-403920-Z,R04_B1_all_valid_v1,B1_formal_pending_R04,R02_input_20260905,Babet,1,False,False,1,model_fold1_G,all_valid,,OOF_date_group_diagnostic,log1p_C,6.282266746896006,3.3530979735305935,8.580029702859036
FREP-403929-Z,R04_B1_all_valid_v1,B1_formal_pending_R04,R02_input_20260905,Babet,1,False,False,1,model_fold1_G,all_valid,,OOF_date_group_diagnostic,log1p_C,4.836281906951478,3.387005785892615,2.1004012750714245
FREP-403951-Z,R04_B1_all_valid_v1,B1_formal_pending_R04,R02_input_20260905,Babet,1,False,False,1,model_fold1_G,all_valid,,OOF_date_group_diagnostic,log1p_C,0.6931471805599453,3.004428833703174,5.342022880156495
FREP-403974-Z,R04_B1_all_valid_v1,B1_formal_pending_R04,R02_input_20260905,Babet,1,False,False,4,model_fold4_G,all_valid,,OOF_date_group_diagnostic,log1p_C,1.6094379124341003,3.5341989495052784,3.704705049827317
FREP-403999-Z,R04_B1_all_valid_v1,B1_formal_pending_R04,R02_input_20260905,Babet,1,False,False,4,model_fold4_G,all_valid,,OOF_date_group_diagnostic,log1p_C,1.791759469228055,3.2531781152125885,2.1357444588312675
FREP-404025-Z,R04_B1_all_valid_v1,B1_formal_pending_R04,R02_input_20260905,Babet,1,False,False,4,model_fold4_G,all_valid,,OOF_date_group_diagnostic,log1p_C,2.8903717578961645,3.5414910921482394,0.42395638743686526
FREP-404039-Z,R04_B1_all_valid_v1,B1_formal_pending_R04,R02_input_20260905,Babet,1,False,False,4,model_fold4_G,all_valid,,OOF_date_group_diagnostic,log1p_C,2.302585092994046,3.213463314136107,0.8296991337509253
FREP-405383-Z,R04_B1_all_valid_v1,B1_formal_pending_R04,R02_input_20260905,Ciaran,1,False,False,4,model_fold4_G,all_valid,,OOF_date_group_diagnostic,log1p_C,0.6931471805599453,3.340203786361441,7.006908674317335
FREP-405427-Z,R04_B1_all_valid_v1,B1_formal_pending_R04,R02_input_20260905,Ciaran,1,False,False,2,model_fold2_G,all_valid,,OOF_date_group_diagnostic,log1p_C,4.48863636973214,3.0588130952160446,2.0443945963479284
FREP-405446-Z,R04_B1_all_valid_v1,B1_formal_pending_R04,R02_input_20260905,Ciaran,1,False,False,2,model_fold2_G,all_valid,,OOF_date_group_diagnostic,log1p_C,2.833213344056216,3.4785658616237543,0.4164798719307596
FREP-405605-Z,R04_B1_all_valid_v1,B1_formal_pending_R04,R02_input_20260905,Ciaran,1,False,False,2,model_fold2_G,all_valid,,OOF_date_group_diagnostic,log1p_C,5.66988092298052,3.5053749699876064,4.6850860205417595
FREP-405612-Z,R04_B1_all_valid_v1,B1_formal_pending_R04,R02_input_20260905,Ciaran,1,False,False,2,model_fold2_G,all_valid,,OOF_date_group_diagnostic,log1p_C,1.9459101490553132,4.101752437763927,4.647655973784392
FREP-405615-Z,R04_B1_all_valid_v1,B1_formal_pending_R04,R02_input_20260905,Ciaran,1,False,False,2,model_fold2_G,all_valid,,OOF_date_group_diagnostic,log1p_C,5.6240175061873385,4.141675229808665,2.1973386243395083
FREP-405621-Z,R04_B1_all_valid_v1,B1_formal_pending_R04,R02_input_20260905,Ciaran,1,False,False,2,model_fold2_G,all_valid,,OOF_date_group_diagnostic,log1p_C,6.20050917404269,4.220669769305986,3.9197640685481856
FREP-405635-Z,R04_B1_all_valid_v1,B1_formal_pending_R04,R02_input_20260905,Ciaran,1,False,False,2,model_fold2_G,all_valid,,OOF_date_group_diagnostic,log1p_C,4.276666119016055,4.189123146327351,0.0076637720671752976
FREP-405636-Z,R04_B1_all_valid_v1,B1_formal_pending_R04,R02_input_20260905,Ciaran,1,False,False,2,model_fold2_G,all_valid,,OOF_date_group_diagnostic,log1p_C,4.51085950651685,3.76214678035102,0.5605707463226691
FREP-405638-Z,R04_B1_all_valid_v1,B1_formal_pending_R04,R02_input_20260905,Ciaran,1,False,False,2,model_fold2_G,all_valid,,OOF_date_group_diagnostic,log1p_C,7.238496840894365,4.176129188632067,9.378095637622502
FREP-405691-Z,R04_B1_all_valid_v1,B1_formal_pending_R04,R02_input_20260905,Ciaran,1,False,False,2,model_fold2_G,all_valid,,OOF_date_group_diagnostic,log1p_C,7.044905117129371,4.1702732200585535,8.263508543656968
FREP-405695-Z,R04_B1_all_valid_v1,B1_formal_pending_R04,R02_input_20260905,Ciaran,1,False,False,2,model_fold2_G,all_valid,,OOF_date_group_diagnostic,log1p_C,1.9459101490553132,3.7052587756907656,3.0953075900440523
FREP-405711-Z,R04_B1_all_valid_v1,B1_formal_pending_R04,R02_input_20260905,Ciaran,1,False,False,2,model_fold2_G,all_valid,,OOF_date_group_diagnostic,log1p_C,5.662960480135946,3.813663559179969,3.4198991018572573
FREP-405778-Z,R04_B1_all_valid_v1,B1_formal_pending_R04,R02_input_20260905,Ciaran,1,False,False,2,model_fold2_G,all_valid,,OOF_date_group_diagnostic,log1p_C,0.6931471805599453,3.541345144734051,8.11223164312552
FREP-405779-Z,R04_B1_all_valid_v1,B1_formal_pending_R04,R02_input_20260905,Ciaran,1,False,False,2,model_fold2_G,all_valid,,OOF_date_group_diagnostic,log1p_C,1.791759469228055,4.2298579819378315,5.944324357677624
FREP-405795-Z,R04_B1_all_valid_v1,B1_formal_pending_R04,R02_input_20260905,Ciaran,1,False,False,2,model_fold2_G,all_valid,,OOF_date_group_diagnostic,log1p_C,5.081404364984463,3.6689264901607315,1.9950937468665653
FREP-405835-Z,R04_B1_all_valid_v1,B1_formal_pending_R04,R02_input_20260905,Ciaran,1,False,False,2,model_fold2_G,all_valid,,OOF_date_group_diagnostic,log1p_C,1.0986122886681098,3.8041666677477073,7.320024498156785
FREP-405850-Z,R04_B1_all_valid_v1,B1_formal_pending_R04,R02_input_20260905,Ciaran,1,False,False,2,model_fold2_G,all_valid,,OOF_date_group_diagnostic,log1p_C,5.2574953720277815,3.3362989266700236,3.6909957816552845
FREP-405868-Z,R04_B1_all_valid_v1,B1_formal_pending_R04,R02_input_20260905,Ciaran,1,False,False,2,model_fold2_G,all_valid,,OOF_date_group_diagnostic,log1p_C,0.6931471805599453,3.7665114930350034,9.445568197195286
FREP-405892-Z,R04_B1_all_valid_v1,B1_formal_pending_R04,R02_input_20260905,Ciaran,1,False,False,2,model_fold2_G,all_valid,,OOF_date_group_diagnostic,log1p_C,5.978885764901122,4.18105618483634,3.2321911989559107
FREP-405935-Z,R04_B1_all_valid_v1,B1_formal_pending_R04,R02_input_20260905,Ciaran,1,False,False,2,model_fold2_G,all_valid,,OOF_date_group_diagnostic,log1p_C,5.081404364984463,3.738924677919756,1.8022517101813544
FREP-405937-Z,R04_B1_all_valid_v1,B1_formal_pending_R04,R02_input_20260905,Ciaran,1,False,False,2,model_fold2_G,all_valid,,OOF_date_group_diagnostic,log1p_C,3.6109179126442243,4.013614941129999,0.16216489675127302
FREP-405955-Z,R04_B1_all_valid_v1,B1_formal_pending_R04,R02_input_20260905,Ciaran,1,False,False,2,model_fold2_G,all_valid,,OOF_date_group_diagnostic,log1p_C,0.6931471805599453,3.9106151562796985,10.352100174782166
FREP-405983-Z,R04_B1_all_valid_v1,B1_formal_pending_R04,R02_input_20260905,Ciaran,1,False,False,2,model_fold2_G,all_valid,,OOF_date_group_diagnostic,log1p_C,5.932245187448011,4.07825685152438,3.4372727497408757
FREP-405986-Z,R04_B1_all_valid_v1,B1_formal_pending_R04,R02_input_20260905,Ciaran,1,False,False,2,model_fold2_G,all_valid,,OOF_date_group_diagnostic,log1p_C,5.924255797414532,4.093415754375421,3.3519752631954547
FREP-405991-Z,R04_B1_all_valid_v1,B1_formal_pending_R04,R02_input_20260905,Ciaran,1,False,False,2,model_fold2_G,all_valid,,OOF_date_group_diagnostic,log1p_C,6.075346031088684,3.564313248447599,6.305285635498232
FREP-406000-Z,R04_B1_all_valid_v1,B1_formal_pending_R04,R02_input_20260905,Ciaran,1,False,False,2,model_fold2_G,all_valid,,OOF_date_group_diagnostic,log1p_C,4.653960350157523,3.885270774635851,0.5908836635156887
FREP-406023-Z,R04_B1_all_valid_v1,B1_formal_pending_R04,R02_input_20260905,Ciaran,1,False,False,2,model_fold2_G,all_valid,,OOF_date_group_diagnostic,log1p_C,6.56244409369372,3.8104872399832086,7.5732665246842545
FREP-406141-Z,R04_B1_all_valid_v1,B1_formal_pending_R04,R02_input_20260905,Ciaran,1,False,False,3,model_fold3_G,all_valid,,OOF_date_group_diagnostic,log1p_C,1.0986122886681098,3.170145318977792,4.291249095664016
FREP-415614-Z,R04_B1_all_valid_v1,B1_formal_pending_R04,R02_input_20260905,Henk,1,False,False,4,model_fold4_G,all_valid,,OOF_date_group_diagnostic,log1p_C,0.0,2.905359443131765,8.44111349379492
FREP-416403-Z,R04_B1_all_valid_v1,B1_formal_pending_R04,R02_input_20260905,Henk,1,False,False,4,model_fold4_G,all_valid,,OOF_date_group_diagnostic,log1p_C,2.4849066497880004,3.2052651578578515,0.5189163801486217
FREP-416528-Z,R04_B1_all_valid_v1,B1_formal_pending_R04,R02_input_20260905,Henk,1,False,False,4,model_fold4_G,all_valid,,OOF_date_group_diagnostic,log1p_C,3.7376696182833684,3.3776102939235546,0.1296427170584456
FREP-416539-Z,R04_B1_all_valid_v1,B1_formal_pending_R04,R02_input_20260905,Henk,1,False,False,4,model_fold4_G,all_valid,,OOF_date_group_diagnostic,log1p_C,6.375024819828097,3.431715162245366,8.66307174041977
FREP-416541-Z,R04_B1_all_valid_v1,B1_formal_pending_R04,R02_input_20260905,Henk,1,False,False,4,model_fold4_G,all_valid,,OOF_date_group_diagnostic,log1p_C,4.04305126783455,3.3531580200327245,0.4759526933625514
FREP-416545-Z,R04_B1_all_valid_v1,B1_formal_pending_R04,R02_input_20260905,Henk,1,False,False,4,model_fold4_G,all_valid,,OOF_date_group_diagnostic,log1p_C,6.470799503782602,3.6208452444299972,8.122239280402052
FREP-416546-Z,R04_B1_all_valid_v1,B1_formal_pending_R04,R02_input_20260905,Henk,1,False,False,4,model_fold4_G,all_valid,,OOF_date_group_diagnostic,log1p_C,5.60947179518496,3.488930428907742,4.496695686092849
FREP-416549-Z,R04_B1_all_valid_v1,B1_formal_pending_R04,R02_input_20260905,Henk,1,False,False,4,model_fold4_G,all_valid,,OOF_date_group_diagnostic,log1p_C,7.86940171257709,3.5196303816340864,18.920510631493666
FREP-416552-Z,R04_B1_all_valid_v1,B1_formal_pending_R04,R02_input_20260905,Henk,1,False,False,4,model_fold4_G,all_valid,,OOF_date_group_diagnostic,log1p_C,4.927253685157205,3.526228258841326,1.9628722451835912
FREP-416562-Z,R04_B1_all_valid_v1,B1_formal_pending_R04,R02_input_20260905,Henk,1,False,False,4,model_fold4_G,all_valid,,OOF_date_group_diagnostic,log1p_C,5.159055299214529,3.828185634544764,1.7712140643382135
FREP-416563-Z,R04_B1_all_valid_v1,B1_formal_pending_R04,R02_input_20260905,Henk,1,False,False,4,model_fold4_G,all_valid,,OOF_date_group_diagnostic,log1p_C,5.717027701406222,3.7472519655412584,3.8800164496023584
FREP-416564-Z,R04_B1_all_valid_v1,B1_formal_pending_R04,R02_input_20260905,Henk,1,False,False,4,model_fold4_G,all_valid,,OOF_date_group_diagnostic,log1p_C,7.3632795869630385,3.7328760723324597,13.17982967904206
FREP-416568-Z,R04_B1_all_valid_v1,B1_formal_pending_R04,R02_input_20260905,Henk,1,False,False,4,model_fold4_G,all_valid,,OOF_date_group_diagnostic,log1p_C,5.648974238161206,3.701818746688527,3.791414507972212
FREP-416569-Z,R04_B1_all_valid_v1,B1_formal_pending_R04,R02_input_20260905,Henk,1,False,False,4,model_fold4_G,all_valid,,OOF_date_group_diagnostic,log1p_C,4.465908118654584,3.2404028382072565,1.501863192404282
FREP-416570-Z,R04_B1_all_valid_v1,B1_formal_pending_R04,R02_input_20260905,Henk,1,False,False,4,model_fold4_G,all_valid,,OOF_date_group_diagnostic,log1p_C,3.871201010907891,3.8294550289697833,0.0017427270079768274
FREP-416571-Z,R04_B1_all_valid_v1,B1_formal_pending_R04,R02_input_20260905,Henk,1,False,False,4,model_fold4_G,all_valid,,OOF_date_group_diagnostic,log1p_C,4.204692619390966,3.843757980389457,0.13027381363114957
FREP-416572-Z,R04_B1_all_valid_v1,B1_formal_pending_R04,R02_input_20260905,Henk,1,False,False,4,model_fold4_G,all_valid,,OOF_date_group_diagnostic,log1p_C,5.998936561946683,3.4704952859294966,6.393015286267415
FREP-416577-Z,R04_B1_all_valid_v1,B1_formal_pending_R04,R02_input_20260905,Henk,1,False,False,4,model_fold4_G,all_valid,,OOF_date_group_diagnostic,log1p_C,6.156978985585555,3.7773680730826,5.662548094903146
FREP-416578-Z,R04_B1_all_valid_v1,B1_formal_pending_R04,R02_input_20260905,Henk,1,False,False,4,model_fold4_G,all_valid,,OOF_date_group_diagnostic,log1p_C,7.3777589082278725,3.751197063332329,13.151950814852167
FREP-416581-Z,R04_B1_all_valid_v1,B1_formal_pending_R04,R02_input_20260905,Henk,1,False,False,4,model_fold4_G,all_valid,,OOF_date_group_diagnostic,log1p_C,5.707110264748875,3.420023680319728,5.230765044675783
FREP-416582-Z,R04_B1_all_valid_v1,B1_formal_pending_R04,R02_input_20260905,Henk,1,False,False,4,model_fold4_G,all_valid,,OOF_date_group_diagnostic,log1p_C,5.402677381872279,3.975986032559997,2.0354482062025
FREP-416583-Z,R04_B1_all_valid_v1,B1_formal_pending_R04,R02_input_20260905,Henk,1,False,False,4,model_fold4_G,all_valid,,OOF_date_group_diagnostic,log1p_C,4.6443908991413725,3.6952137393078393,0.9009372807496527
FREP-416589-Z,R04_B1_all_valid_v1,B1_formal_pending_R04,R02_input_20260905,Henk,1,False,False,4,model_fold4_G,all_valid,,OOF_date_group_diagnostic,log1p_C,6.226536669287466,3.722275921758869,6.271321891612486
FREP-416597-Z,R04_B1_all_valid_v1,B1_formal_pending_R04,R02_input_20260905,Henk,1,False,False,4,model_fold4_G,all_valid,,OOF_date_group_diagnostic,log1p_C,6.226536669287466,3.5891560826554585,6.955776358743391
FREP-416602-Z,R04_B1_all_valid_v1,B1_formal_pending_R04,R02_input_20260905,Henk,1,False,False,4,model_fold4_G,all_valid,,OOF_date_group_diagnostic,log1p_C,0.0,3.321387720942476,11.031616392827456
FREP-416603-Z,R04_B1_all_valid_v1,B1_formal_pending_R04,R02_input_20260905,Henk,1,False,False,4,model_fold4_G,all_valid,,OOF_date_group_diagnostic,log1p_C,5.932245187448011,3.8484334600914805,4.342271315068607
FREP-416604-Z,R04_B1_all_valid_v1,B1_formal_pending_R04,R02_input_20260905,Henk,1,False,False,4,model_fold4_G,all_valid,,OOF_date_group_diagnostic,log1p_C,6.39024066706535,3.9918151963889112,5.752444738389497
FREP-416605-Z,R04_B1_all_valid_v1,B1_formal_pending_R04,R02_input_20260905,Henk,1,False,False,4,model_fold4_G,all_valid,,OOF_date_group_diagnostic,log1p_C,4.477336814478207,4.0495912305215525,0.18296628459441927
FREP-416608-Z,R04_B1_all_valid_v1,B1_formal_pending_R04,R02_input_20260905,Henk,1,False,False,4,model_fold4_G,all_valid,,OOF_date_group_diagnostic,log1p_C,6.342121418721152,3.7490562584648277,6.723986925335155
FREP-416610-Z,R04_B1_all_valid_v1,B1_formal_pending_R04,R02_input_20260905,Henk,1,False,False,4,model_fold4_G,all_valid,,OOF_date_group_diagnostic,log1p_C,4.174387269895637,3.7350688630308007,0.1930006626102577
FREP-416611-Z,R04_B1_all_valid_v1,B1_formal_pending_R04,R02_input_20260905,Henk,1,False,False,4,model_fold4_G,all_valid,,OOF_date_group_diagnostic,log1p_C,6.921658184151129,3.855030605743827,9.404204704648233
FREP-416612-Z,R04_B1_all_valid_v1,B1_formal_pending_R04,R02_input_20260905,Henk,1,False,False,4,model_fold4_G,all_valid,,OOF_date_group_diagnostic,log1p_C,7.377133712833954,3.8928083710306156,12.140523087532953
FREP-416617-Z,R04_B1_all_valid_v1,B1_formal_pending_R04,R02_input_20260905,Henk,1,False,False,4,model_fold4_G,all_valid,,OOF_date_group_diagnostic,log1p_C,5.66988092298052,3.784599612277601,3.554285620485714
FREP-416618-Z,R04_B1_all_valid_v1,B1_formal_pending_R04,R02_input_20260905,Henk,1,False,False,4,model_fold4_G,all_valid,,OOF_date_group_diagnostic,log1p_C,3.7376696182833684,3.585217834590428,0.0232415463511591
FREP-416624-Z,R04_B1_all_valid_v1,B1_formal_pending_R04,R02_input_20260905,Henk,1,False,False,4,model_fold4_G,all_valid,,OOF_date_group_diagnostic,log1p_C,1.0986122886681098,3.7350688630308007,6.950903268500253
FREP-416626-Z,R04_B1_all_valid_v1,B1_formal_pending_R04,R02_input_20260905,Henk,1,False,False,4,model_fold4_G,all_valid,,OOF_date_group_diagnostic,log1p_C,1.0986122886681098,3.906157501009231,7.882310119339549
FREP-416627-Z,R04_B1_all_valid_v1,B1_formal_pending_R04,R02_input_20260905,Henk,1,False,False,4,model_fold4_G,all_valid,,OOF_date_group_diagnostic,log1p_C,5.69035945432406,3.9512630036134526,3.0244564648742323
FREP-416632-Z,R04_B1_all_valid_v1,B1_formal_pending_R04,R02_input_20260905,Henk,1,False,False,4,model_fold4_G,all_valid,,OOF_date_group_diagnostic,log1p_C,6.4425401664681985,3.784599612277601,7.06464798961102
FREP-416641-Z,R04_B1_all_valid_v1,B1_formal_pending_R04,R02_input_20260905,Henk,1,False,False,4,model_fold4_G,all_valid,,OOF_date_group_diagnostic,log1p_C,3.7376696182833684,3.9903023275507614,0.06382328579178312
FREP-416644-Z,R04_B1_all_valid_v1,B1_formal_pending_R04,R02_input_20260905,Henk,1,False,False,4,model_fold4_G,all_valid,,OOF_date_group_diagnostic,log1p_C,5.0369526024136295,4.066280682951188,0.9422039752329007
FREP-416646-Z,R04_B1_all_valid_v1,B1_formal_pending_R04,R02_input_20260905,Henk,1,False,False,4,model_fold4_G,all_valid,,OOF_date_group_diagnostic,log1p_C,1.6094379124341003,3.917859807434719,5.328811645318247
FREP-416648-Z,R04_B1_all_valid_v1,B1_formal_pending_R04,R02_input_20260905,Henk,1,False,False,4,model_fold4_G,all_valid,,OOF_date_group_diagnostic,log1p_C,2.8903717578961645,3.50780944015593,0.38122929147431095
FREP-416649-Z,R04_B1_all_valid_v1,B1_formal_pending_R04,R02_input_20260905,Henk,1,False,False,4,model_fold4_G,all_valid,,OOF_date_group_diagnostic,log1p_C,6.030685260261263,3.8928083710306156,4.570517593506511
FREP-416650-Z,R04_B1_all_valid_v1,B1_formal_pending_R04,R02_input_20260905,Henk,1,False,False,4,model_fold4_G,all_valid,,OOF_date_group_diagnostic,log1p_C,5.648974238161206,3.826452264011176,3.3215863462597226
FREP-416652-Z,R04_B1_all_valid_v1,B1_formal_pending_R04,R02_input_20260905,Henk,1,False,False,4,model_fold4_G,all_valid,,OOF_date_group_diagnostic,log1p_C,2.9444389791664403,3.7141218950188817,0.5924117909551164
FREP-416653-Z,R04_B1_all_valid_v1,B1_formal_pending_R04,R02_input_20260905,Henk,1,False,False,4,model_fold4_G,all_valid,,OOF_date_group_diagnostic,log1p_C,3.58351893845611,3.0211578310982237,0.3162500150687881
FREP-416658-Z,R04_B1_all_valid_v1,B1_formal_pending_R04,R02_input_20260905,Henk,1,False,False,4,model_fold4_G,all_valid,,OOF_date_group_diagnostic,log1p_C,5.932245187448011,3.6580264545555456,5.17207084503901
FREP-416659-Z,R04_B1_all_valid_v1,B1_formal_pending_R04,R02_input_20260905,Henk,1,False,False,3,model_fold3_G,all_valid,,OOF_date_group_diagnostic,log1p_C,1.3862943611198906,3.15999264864144,3.146005615156877
FREP-416663-Z,R04_B1_all_valid_v1,B1_formal_pending_R04,R02_input_20260905,Henk,1,False,False,4,model_fold4_G,all_valid,,OOF_date_group_diagnostic,log1p_C,5.560681631015528,3.0211578310982237,6.449181130346423
FREP-416669-Z,R04_B1_all_valid_v1,B1_formal_pending_R04,R02_input_20260905,Henk,1,False,False,4,model_fold4_G,all_valid,,OOF_date_group_diagnostic,log1p_C,0.6931471805599453,4.038990437393312,11.194667099297309
FREP-416672-Z,R04_B1_all_valid_v1,B1_formal_pending_R04,R02_input_20260905,Henk,1,False,False,4,model_fold4_G,all_valid,,OOF_date_group_diagnostic,log1p_C,7.113956109566034,3.8484334600914805,10.66363817423131
FREP-416675-Z,R04_B1_all_valid_v1,B1_formal_pending_R04,R02_input_20260905,Henk,1,False,False,4,model_fold4_G,all_valid,,OOF_date_group_diagnostic,log1p_C,6.970730078143525,4.027864702335124,8.660456620131919
FREP-416676-Z,R04_B1_all_valid_v1,B1_formal_pending_R04,R02_input_20260905,Henk,1,False,False,4,model_fold4_G,all_valid,,OOF_date_group_diagnostic,log1p_C,7.158513997329321,3.9756326270721196,10.130733817130357
FREP-416677-Z,R04_B1_all_valid_v1,B1_formal_pending_R04,R02_input_20260905,Henk,1,False,False,4,model_fold4_G,all_valid,,OOF_date_group_diagnostic,log1p_C,5.683579767338681,3.7519939230636643,3.7310238738036308
FREP-416679-Z,R04_B1_all_valid_v1,B1_formal_pending_R04,R02_input_20260905,Henk,1,False,False,4,model_fold4_G,all_valid,,OOF_date_group_diagnostic,log1p_C,2.302585092994046,3.3531580200327245,1.1037034750266166
FREP-416680-Z,R04_B1_all_valid_v1,B1_formal_pending_R04,R02_input_20260905,Henk,1,False,False,4,model_fold4_G,all_valid,,OOF_date_group_diagnostic,log1p_C,5.971261839790462,3.169879468373992,7.847743190882967
FREP-416690-Z,R04_B1_all_valid_v1,B1_formal_pending_R04,R02_input_20260905,Henk,1,False,False,4,model_fold4_G,all_valid,,OOF_date_group_diagnostic,log1p_C,5.783825182329737,3.056158443570864,7.440165837731468
FREP-416691-Z,R04_B1_all_valid_v1,B1_formal_pending_R04,R02_input_20260905,Henk,1,False,False,3,model_fold3_G,all_valid,,OOF_date_group_diagnostic,log1p_C,0.6931471805599453,2.995364107294099,5.300202777741251
FREP-416693-Z,R04_B1_all_valid_v1,B1_formal_pending_R04,R02_input_20260905,Henk,1,False,False,4,model_fold4_G,all_valid,,OOF_date_group_diagnostic,log1p_C,5.181783550292085,3.9017645962717173,1.6384485226513963
FREP-416694-Z,R04_B1_all_valid_v1,B1_formal_pending_R04,R02_input_20260905,Henk,1,False,False,4,model_fold4_G,all_valid,,OOF_date_group_diagnostic,log1p_C,5.726847747587197,4.181641433156213,2.387662554157384
FREP-416703-Z,R04_B1_all_valid_v1,B1_formal_pending_R04,R02_input_20260905,Henk,1,False,False,4,model_fold4_G,all_valid,,OOF_date_group_diagnostic,log1p_C,6.885509670034818,3.971318585123349,8.492509679377482
FREP-416705-Z,R04_B1_all_valid_v1,B1_formal_pending_R04,R02_input_20260905,Henk,1,False,False,4,model_fold4_G,all_valid,,OOF_date_group_diagnostic,log1p_C,0.6931471805599453,3.4616658262036304,7.664695491276744
FREP-416706-Z,R04_B1_all_valid_v1,B1_formal_pending_R04,R02_input_20260905,Henk,1,False,False,4,model_fold4_G,all_valid,,OOF_date_group_diagnostic,log1p_C,6.731018100482083,3.164221557778362,12.722037577043215
FREP-416711-Z,R04_B1_all_valid_v1,B1_formal_pending_R04,R02_input_20260905,Henk,1,False,False,4,model_fold4_G,all_valid,,OOF_date_group_diagnostic,log1p_C,5.568344503761097,3.3649928350554634,4.854758575987899
FREP-416715-Z,R04_B1_all_valid_v1,B1_formal_pending_R04,R02_input_20260905,Henk,1,False,False,4,model_fold4_G,all_valid,,OOF_date_group_diagnostic,log1p_C,5.673323267171493,4.132948002160926,2.3727559570563725
FREP-416716-Z,R04_B1_all_valid_v1,B1_formal_pending_R04,R02_input_20260905,Henk,1,False,False,4,model_fold4_G,all_valid,,OOF_date_group_diagnostic,log1p_C,6.439350371100098,4.132948002160926,5.319491887448224
FREP-416720-Z,R04_B1_all_valid_v1,B1_formal_pending_R04,R02_input_20260905,Henk,1,False,False,4,model_fold4_G,all_valid,,OOF_date_group_diagnostic,log1p_C,3.6888794541139363,3.274303650207397,0.1718730971847533
FREP-416721-Z,R04_B1_all_valid_v1,B1_formal_pending_R04,R02_input_20260905,Henk,1,False,False,4,model_fold4_G,all_valid,,OOF_date_group_diagnostic,log1p_C,4.7535901911063645,3.8434108657915615,0.8284264042305098
FREP-416723-Z,R04_B1_all_valid_v1,B1_formal_pending_R04,R02_input_20260905,Henk,1,False,False,4,model_fold4_G,all_valid,,OOF_date_group_diagnostic,log1p_C,5.598421958998375,3.760088743176679,3.3794690123933386
FREP-416726-Z,R04_B1_all_valid_v1,B1_formal_pending_R04,R02_input_20260905,Henk,1,False,False,4,model_fold4_G,all_valid,,OOF_date_group_diagnostic,log1p_C,3.871201010907891,2.8962785793406947,0.9504737475728949
FREP-416734-Z,R04_B1_all_valid_v1,B1_formal_pending_R04,R02_input_20260905,Henk,1,False,False,4,model_fold4_G,all_valid,,OOF_date_group_diagnostic,log1p_C,2.302585092994046,3.6757501929703125,1.88558239179283
FREP-416738-Z,R04_B1_all_valid_v1,B1_formal_pending_R04,R02_input_20260905,Henk,1,False,False,4,model_fold4_G,all_valid,,OOF_date_group_diagnostic,log1p_C,0.6931471805599453,3.5223777478186413,8.004545602710962
FREP-416740-Z,R04_B1_all_valid_v1,B1_formal_pending_R04,R02_input_20260905,Henk,1,False,False,4,model_fold4_G,all_valid,,OOF_date_group_diagnostic,log1p_C,6.579251212010101,3.7187667624160463,8.182371286369403
FREP-416748-Z,R04_B1_all_valid_v1,B1_formal_pending_R04,R02_input_20260905,Henk,1,False,False,4,model_fold4_G,all_valid,,OOF_date_group_diagnostic,log1p_C,5.805134968916488,3.4453668857306448,5.56850540642259
FREP-416753-Z,R04_B1_all_valid_v1,B1_formal_pending_R04,R02_input_20260905,Henk,1,False,False,4,model_fold4_G,all_valid,,OOF_date_group_diagnostic,log1p_C,6.089044875446846,4.005964654209164,4.339223208111631
FREP-416754-Z,R04_B1_all_valid_v1,B1_formal_pending_R04,R02_input_20260905,Henk,1,False,False,3,model_fold3_G,all_valid,,OOF_date_group_diagnostic,log1p_C,1.0986122886681098,3.2119919595452395,4.466373633276726
FREP-416757-Z,R04_B1_all_valid_v1,B1_formal_pending_R04,R02_input_20260905,Henk,1,False,False,4,model_fold4_G,all_valid,,OOF_date_group_diagnostic,log1p_C,4.02535169073515,3.8816287014734785,0.02065629764231044
FREP-416761-Z,R04_B1_all_valid_v1,B1_formal_pending_R04,R02_input_20260905,Henk,1,False,False,4,model_fold4_G,all_valid,,OOF_date_group_diagnostic,log1p_C,0.6931471805599453,3.7840441702764913,9.553644201038805
FREP-416764-Z,R04_B1_all_valid_v1,B1_formal_pending_R04,R02_input_20260905,Henk,1,False,False,4,model_fold4_G,all_valid,,OOF_date_group_diagnostic,log1p_C,0.6931471805599453,3.6447450417874387,8.711929934402713
FREP-416766-Z,R04_B1_all_valid_v1,B1_formal_pending_R04,R02_input_20260905,Henk,1,False,False,4,model_fold4_G,all_valid,,OOF_date_group_diagnostic,log1p_C,5.5053315359323625,3.7490562584648277,3.084502850243666
FREP-416769-Z,R04_B1_all_valid_v1,B1_formal_pending_R04,R02_input_20260905,Henk,1,False,False,4,model_fold4_G,all_valid,,OOF_date_group_diagnostic,log1p_C,6.498282149476434,3.6991794494901864,7.834975925070299
FREP-416770-Z,R04_B1_all_valid_v1,B1_formal_pending_R04,R02_input_20260905,Henk,1,False,False,3,model_fold3_G,all_valid,,OOF_date_group_diagnostic,log1p_C,0.6931471805599453,3.1504275116447373,6.0382266255361845
FREP-416775-Z,R04_B1_all_valid_v1,B1_formal_pending_R04,R02_input_20260905,Henk,1,False,False,4,model_fold4_G,all_valid,,OOF_date_group_diagnostic,log1p_C,6.030685260261263,3.9584874679065276,4.29400369063984
FREP-416779-Z,R04_B1_all_valid_v1,B1_formal_pending_R04,R02_input_20260905,Henk,1,False,False,4,model_fold4_G,all_valid,,OOF_date_group_diagnostic,log1p_C,7.427144133408616,3.4616658262036304,15.725018204913317
FREP-416783-Z,R04_B1_all_valid_v1,B1_formal_pending_R04,R02_input_20260905,Henk,1,False,False,4,model_fold4_G,all_valid,,OOF_date_group_diagnostic,log1p_C,4.204692619390966,3.205960881501655,0.997465084267403
FREP-416785-Z,R04_B1_all_valid_v1,B1_formal_pending_R04,R02_input_20260905,Henk,1,False,False,4,model_fold4_G,all_valid,,OOF_date_group_diagnostic,log1p_C,0.6931471805599453,2.736608285437335,4.175733287146722
FREP-416799-Z,R04_B1_all_valid_v1,B1_formal_pending_R04,R02_input_20260905,Henk,1,False,False,4,model_fold4_G,all_valid,,OOF_date_group_diagnostic,log1p_C,0.6931471805599453,3.208015058265719,6.324560442316342
FREP-416814-Z,R04_B1_all_valid_v1,B1_formal_pending_R04,R02_input_20260905,Henk,1,False,False,3,model_fold3_G,all_valid,,OOF_date_group_diagnostic,log1p_C,0.6931471805599453,3.293793237974626,6.763359915946523
FREP-416824-Z,R04_B1_all_valid_v1,B1_formal_pending_R04,R02_input_20260905,Henk,1,False,False,4,model_fold4_G,all_valid,,OOF_date_group_diagnostic,log1p_C,3.044522437723423,3.2050184896788023,0.025758982693263814
FREP-416825-Z,R04_B1_all_valid_v1,B1_formal_pending_R04,R02_input_20260905,Henk,1,False,False,4,model_fold4_G,all_valid,,OOF_date_group_diagnostic,log1p_C,7.5740450053721995,3.297377877227646,18.28988172495218
FREP-416827-Z,R04_B1_all_valid_v1,B1_formal_pending_R04,R02_input_20260905,Henk,1,False,False,4,model_fold4_G,all_valid,,OOF_date_group_diagnostic,log1p_C,1.0986122886681098,3.882680602710619,7.751036377255498
FREP-416843-Z,R04_B1_all_valid_v1,B1_formal_pending_R04,R02_input_20260905,Henk,1,False,False,4,model_fold4_G,all_valid,,OOF_date_group_diagnostic,log1p_C,3.6635616461296463,3.7717362671350543,0.011701748629663652
FREP-416852-Z,R04_B1_all_valid_v1,B1_formal_pending_R04,R02_input_20260905,Henk,1,False,False,4,model_fold4_G,all_valid,,OOF_date_group_diagnostic,log1p_C,5.288267030694535,3.7891045548207365,2.247488129068058
FREP-416854-Z,R04_B1_all_valid_v1,B1_formal_pending_R04,R02_input_20260905,Henk,1,False,False,4,model_fold4_G,all_valid,,OOF_date_group_diagnostic,log1p_C,4.624972813284271,2.751333472195307,3.510524380476286
FREP-416855-Z,R04_B1_all_valid_v1,B1_formal_pending_R04,R02_input_20260905,Henk,1,False,False,4,model_fold4_G,all_valid,,OOF_date_group_diagnostic,log1p_C,2.0794415416798357,3.2057739605667526,1.2686247178356531
FREP-416874-Z,R04_B1_all_valid_v1,B1_formal_pending_R04,R02_input_20260905,Henk,1,False,False,3,model_fold3_G,all_valid,,OOF_date_group_diagnostic,log1p_C,1.6094379124341003,3.1562774157616125,2.3927124490545046
FREP-416875-Z,R04_B1_all_valid_v1,B1_formal_pending_R04,R02_input_20260905,Henk,1,False,False,4,model_fold4_G,all_valid,,OOF_date_group_diagnostic,log1p_C,0.6931471805599453,2.677574761614878,3.9379528244515316
FREP-416876-Z,R04_B1_all_valid_v1,B1_formal_pending_R04,R02_input_20260905,Henk,1,False,False,4,model_fold4_G,all_valid,,OOF_date_group_diagnostic,log1p_C,3.258096538021482,3.2001670696772857,0.0033558233026412566
FREP-416900-Z,R04_B1_all_valid_v1,B1_formal_pending_R04,R02_input_20260905,Henk,1,False,False,4,model_fold4_G,all_valid,,OOF_date_group_diagnostic,log1p_C,6.413458957167357,3.032897882674697,11.428193178374968
FREP-416909-Z,R04_B1_all_valid_v1,B1_formal_pending_R04,R02_input_20260905,Henk,1,False,False,4,model_fold4_G,all_valid,,OOF_date_group_diagnostic,log1p_C,1.3862943611198906,3.201441189986645,3.294758010345035
FREP-416912-Z,R04_B1_all_valid_v1,B1_formal_pending_R04,R02_input_20260905,Henk,1,False,False,3,model_fold3_G,all_valid,,OOF_date_group_diagnostic,log1p_C,4.7535901911063645,3.300255935854777,2.112180457487686
FREP-416914-Z,R04_B1_all_valid_v1,B1_formal_pending_R04,R02_input_20260905,Henk,1,False,False,3,model_fold3_G,all_valid,,OOF_date_group_diagnostic,log1p_C,4.969813299576001,3.275153849417421,2.8718706520117805
FREP-416915-Z,R04_B1_all_valid_v1,B1_formal_pending_R04,R02_input_20260905,Henk,1,False,False,4,model_fold4_G,all_valid,,OOF_date_group_diagnostic,log1p_C,0.0,3.7519939230636643,14.077458398706666
FREP-416919-Z,R04_B1_all_valid_v1,B1_formal_pending_R04,R02_input_20260905,Henk,1,False,False,3,model_fold3_G,all_valid,,OOF_date_group_diagnostic,log1p_C,6.375024819828097,3.0530839849270732,11.03529091058291
FREP-416921-Z,R04_B1_all_valid_v1,B1_formal_pending_R04,R02_input_20260905,Henk,1,False,False,3,model_fold3_G,all_valid,,OOF_date_group_diagnostic,log1p_C,5.733341276897746,3.330289598201954,5.7746573704826645
FREP-416925-Z,R04_B1_all_valid_v1,B1_formal_pending_R04,R02_input_20260905,Henk,1,False,False,3,model_fold3_G,all_valid,,OOF_date_group_diagnostic,log1p_C,1.0986122886681098,3.1198639611349956,4.085458323450184
FREP-416926-Z,R04_B1_all_valid_v1,B1_formal_pending_R04,R02_input_20260905,Henk,1,False,False,3,model_fold3_G,all_valid,,OOF_date_group_diagnostic,log1p_C,4.343805421853684,3.108493037667692,1.5259966865232806
FREP-416928-Z,R04_B1_all_valid_v1,B1_formal_pending_R04,R02_input_20260905,Henk,1,False,False,4,model_fold4_G,all_valid,,OOF_date_group_diagnostic,log1p_C,3.295836866004329,4.027864702335124,0.5358647531631456
FREP-416931-Z,R04_B1_all_valid_v1,B1_formal_pending_R04,R02_input_20260905,Henk,1,False,False,4,model_fold4_G,all_valid,,OOF_date_group_diagnostic,log1p_C,5.598421958998375,4.038990437393312,2.4318266705754827
FREP-416933-Z,R04_B1_all_valid_v1,B1_formal_pending_R04,R02_input_20260905,Henk,1,False,False,3,model_fold3_G,all_valid,,OOF_date_group_diagnostic,log1p_C,2.995732273553991,3.133330190898936,0.0189331868576664
FREP-416939-Z,R04_B1_all_valid_v1,B1_formal_pending_R04,R02_input_20260905,Henk,1,False,False,3,model_fold3_G,all_valid,,OOF_date_group_diagnostic,log1p_C,5.087596335232384,3.1312605875313513,3.8272495577329573
FREP-416961-Z,R04_B1_all_valid_v1,B1_formal_pending_R04,R02_input_20260905,Henk,1,False,False,3,model_fold3_G,all_valid,,OOF_date_group_diagnostic,log1p_C,0.6931471805599453,2.874961884685834,4.760315403139938
FREP-416966-Z,R04_B1_all_valid_v1,B1_formal_pending_R04,R02_input_20260905,Henk,1,False,False,3,model_fold3_G,all_valid,,OOF_date_group_diagnostic,log1p_C,4.736198448394496,3.049248049090901,2.845801649710557
FREP-416982-Z,R04_B1_all_valid_v1,B1_formal_pending_R04,R02_input_20260905,Henk,1,False,False,3,model_fold3_G,all_valid,,OOF_date_group_diagnostic,log1p_C,5.739792912179234,3.1709272554262813,6.599070762444779
FREP-416987-Z,R04_B1_all_valid_v1,B1_formal_pending_R04,R02_input_20260905,Henk,1,False,False,3,model_fold3_G,all_valid,,OOF_date_group_diagnostic,log1p_C,1.3862943611198906,3.231652222109776,3.4053456351171647
FREP-416988-Z,R04_B1_all_valid_v1,B1_formal_pending_R04,R02_input_20260905,Henk,1,False,False,3,model_fold3_G,all_valid,,OOF_date_group_diagnostic,log1p_C,1.0986122886681098,3.15623486871649,4.233810681924953
FREP-416999-Z,R04_B1_all_valid_v1,B1_formal_pending_R04,R02_input_20260905,Henk,1,False,False,3,model_fold3_G,all_valid,,OOF_date_group_diagnostic,log1p_C,1.0986122886681098,3.082690128373804,3.9365648740112142
FREP-417007-Z,R04_B1_all_valid_v1,B1_formal_pending_R04,R02_input_20260905,Henk,1,False,False,3,model_fold3_G,all_valid,,OOF_date_group_diagnostic,log1p_C,0.6931471805599453,2.969994869342205,5.184035397913118
FREP-417019-Z,R04_B1_all_valid_v1,B1_formal_pending_R04,R02_input_20260905,Henk,1,False,False,3,model_fold3_G,all_valid,,OOF_date_group_diagnostic,log1p_C,1.3862943611198906,3.367762547898335,3.9262161752150564
FREP-417031-Z,R04_B1_all_valid_v1,B1_formal_pending_R04,R02_input_20260905,Henk,1,False,False,3,model_fold3_G,all_valid,,OOF_date_group_diagnostic,log1p_C,0.0,2.9304160175770173,8.587338036071946
FREP-417052-Z,R04_B1_all_valid_v1,B1_formal_pending_R04,R02_input_20260905,Henk,1,False,False,3,model_fold3_G,all_valid,,OOF_date_group_diagnostic,log1p_C,0.0,3.349843992876179,11.221454776608622
FREP-417059-Z,R04_B1_all_valid_v1,B1_formal_pending_R04,R02_input_20260905,Henk,1,False,False,3,model_fold3_G,all_valid,,OOF_date_group_diagnostic,log1p_C,0.6931471805599453,3.2341569839784943,6.456730821069172
FREP-417075-Z,R04_B1_all_valid_v1,B1_formal_pending_R04,R02_input_20260905,Henk,1,False,False,3,model_fold3_G,all_valid,,OOF_date_group_diagnostic,log1p_C,4.330733340286331,2.6775628760691643,2.7329725837600027
FREP-417093-Z,R04_B1_all_valid_v1,B1_formal_pending_R04,R02_input_20260905,Henk,1,False,False,3,model_fold3_G,all_valid,,OOF_date_group_diagnostic,log1p_C,0.6931471805599453,3.073806218794761,5.667537456329116
FREP-417103-Z,R04_B1_all_valid_v1,B1_formal_pending_R04,R02_input_20260905,Henk,1,False,False,4,model_fold4_G,all_valid,,OOF_date_group_diagnostic,log1p_C,2.1972245773362196,3.9966874697200767,3.238066701066477
FREP-417105-Z,R04_B1_all_valid_v1,B1_formal_pending_R04,R02_input_20260905,Henk,1,False,False,3,model_fold3_G,all_valid,,OOF_date_group_diagnostic,log1p_C,6.467698726104354,3.1657816471792573,10.902656396097242
FREP-417114-Z,R04_B1_all_valid_v1,B1_formal_pending_R04,R02_input_20260905,Henk,1,False,False,3,model_fold3_G,all_valid,,OOF_date_group_diagnostic,log1p_C,4.248495242049359,2.811424571955891,2.065172110842891
FREP-417122-Z,R04_B1_all_valid_v1,B1_formal_pending_R04,R02_input_20260905,Henk,1,False,False,3,model_fold3_G,all_valid,,OOF_date_group_diagnostic,log1p_C,0.6931471805599453,3.2378440712998278,6.475482265741225
FREP-417159-Z,R04_B1_all_valid_v1,B1_formal_pending_R04,R02_input_20260905,Henk,1,False,False,3,model_fold3_G,all_valid,,OOF_date_group_diagnostic,log1p_C,1.0986122886681098,3.0536440062601677,3.822149016790952
FREP-417163-Z,R04_B1_all_valid_v1,B1_formal_pending_R04,R02_input_20260905,Henk,1,False,False,3,model_fold3_G,all_valid,,OOF_date_group_diagnostic,log1p_C,1.0986122886681098,3.4448804349170286,5.504974214102338
FREP-417167-Z,R04_B1_all_valid_v1,B1_formal_pending_R04,R02_input_20260905,Henk,1,False,False,3,model_fold3_G,all_valid,,OOF_date_group_diagnostic,log1p_C,0.6931471805599453,3.3844833037792434,7.24329012814508
FREP-417173-Z,R04_B1_all_valid_v1,B1_formal_pending_R04,R02_input_20260905,Henk,1,False,False,3,model_fold3_G,all_valid,,OOF_date_group_diagnostic,log1p_C,5.823045895483019,3.360921087189668,6.062058571613568
FREP-417184-Z,R04_B1_all_valid_v1,B1_formal_pending_R04,R02_input_20260905,Henk,1,False,False,3,model_fold3_G,all_valid,,OOF_date_group_diagnostic,log1p_C,5.749392985908253,3.5109550024227816,5.010604605910504
FREP-417189-Z,R04_B1_all_valid_v1,B1_formal_pending_R04,R02_input_20260905,Henk,1,False,False,3,model_fold3_G,all_valid,,OOF_date_group_diagnostic,log1p_C,3.713572066704308,3.3933640811189876,0.10253315403260874
FREP-417200-Z,R04_B1_all_valid_v1,B1_formal_pending_R04,R02_input_20260905,Henk,1,False,False,3,model_fold3_G,all_valid,,OOF_date_group_diagnostic,log1p_C,0.6931471805599453,3.3718128246279595,7.175249632710309
FREP-417215-Z,R04_B1_all_valid_v1,B1_formal_pending_R04,R02_input_20260905,Henk,1,False,False,3,model_fold3_G,all_valid,,OOF_date_group_diagnostic,log1p_C,1.6094379124341003,3.167488907178606,2.427522902224344
FREP-417229-Z,R04_B1_all_valid_v1,B1_formal_pending_R04,R02_input_20260905,Henk,1,False,False,3,model_fold3_G,all_valid,,OOF_date_group_diagnostic,log1p_C,1.3862943611198906,3.3272338990276205,3.767246289813472
FREP-417246-Z,R04_B1_all_valid_v1,B1_formal_pending_R04,R02_input_20260905,Henk,1,False,False,3,model_fold3_G,all_valid,,OOF_date_group_diagnostic,log1p_C,0.6931471805599453,2.9985406568124193,5.314839080347466
FREP-417258-Z,R04_B1_all_valid_v1,B1_formal_pending_R04,R02_input_20260905,Henk,1,False,False,3,model_fold3_G,all_valid,,OOF_date_group_diagnostic,log1p_C,0.6931471805599453,2.8695725571022694,4.736827419657397
FREP-417267-Z,R04_B1_all_valid_v1,B1_formal_pending_R04,R02_input_20260905,Henk,1,False,False,3,model_fold3_G,all_valid,,OOF_date_group_diagnostic,log1p_C,6.905753276311464,3.216479198311871,13.610743222599748
FREP-417275-Z,R04_B1_all_valid_v1,B1_formal_pending_R04,R02_input_20260905,Henk,1,False,False,3,model_fold3_G,all_valid,,OOF_date_group_diagnostic,log1p_C,0.6931471805599453,3.0982968385130016,5.784744877151703
FREP-417276-Z,R04_B1_all_valid_v1,B1_formal_pending_R04,R02_input_20260905,Henk,1,False,False,3,model_fold3_G,all_valid,,OOF_date_group_diagnostic,log1p_C,0.0,2.8730863857604847,8.254625380042246
FREP-417291-Z,R04_B1_all_valid_v1,B1_formal_pending_R04,R02_input_20260905,Henk,1,False,False,3,model_fold3_G,all_valid,,OOF_date_group_diagnostic,log1p_C,0.6931471805599453,3.2155163410196925,6.36234618163841
FREP-417305-Z,R04_B1_all_valid_v1,B1_formal_pending_R04,R02_input_20260905,Henk,1,False,False,3,model_fold3_G,all_valid,,OOF_date_group_diagnostic,log1p_C,5.8998973535824915,3.0949005624188053,7.868006998438576
FREP-4419-I,R04_B1_all_valid_v1,B1_formal_pending_R04,R02_input_20260905,Dudley;Eunice,2,False,False,3,model_fold3_G,all_valid,,OOF_date_group_diagnostic,log1p_C,3.091042453358316,3.033073822185374,0.0033603622000646007
FREP-4433-I,R04_B1_all_valid_v1,B1_formal_pending_R04,R02_input_20260905,Eunice,1,False,False,0,model_fold0_G,all_valid,,OOF_date_group_diagnostic,log1p_C,0.6931471805599453,5.196734626659154,20.282299884662393
FREP-4436-I,R04_B1_all_valid_v1,B1_formal_pending_R04,R02_input_20260905,Eunice,1,False,False,0,model_fold0_G,all_valid,,OOF_date_group_diagnostic,log1p_C,0.0,4.650821979956174,21.630145089243463
FREP-4440-I,R04_B1_all_valid_v1,B1_formal_pending_R04,R02_input_20260905,Eunice,1,False,False,0,model_fold0_G,all_valid,,OOF_date_group_diagnostic,log1p_C,2.9444389791664403,2.925629987571645,0.0003537781648130727
FREP-4441-I,R04_B1_all_valid_v1,B1_formal_pending_R04,R02_input_20260905,Eunice,1,False,False,0,model_fold0_G,all_valid,,OOF_date_group_diagnostic,log1p_C,0.6931471805599453,4.203203829023051,12.320497675420052
FREP-4446-I,R04_B1_all_valid_v1,B1_formal_pending_R04,R02_input_20260905,Eunice,1,False,False,0,model_fold0_G,all_valid,,OOF_date_group_diagnostic,log1p_C,2.1972245773362196,3.120471186286014,0.8523843009372946
FREP-4447-I,R04_B1_all_valid_v1,B1_formal_pending_R04,R02_input_20260905,Eunice;Franklin,2,False,False,1,model_fold1_G,all_valid,,OOF_date_group_diagnostic,log1p_C,0.6931471805599453,2.6368852306381325,3.778117607321753
FREP-4450-I,R04_B1_all_valid_v1,B1_formal_pending_R04,R02_input_20260905,Eunice,1,False,False,0,model_fold0_G,all_valid,,OOF_date_group_diagnostic,log1p_C,8.046869510959576,4.068819506835755,15.824881835309531
FREP-4460-I,R04_B1_all_valid_v1,B1_formal_pending_R04,R02_input_20260905,Eunice,1,False,False,0,model_fold0_G,all_valid,,OOF_date_group_diagnostic,log1p_C,1.9459101490553132,4.440182405962281,6.221394091575776
FREP-4477-I,R04_B1_all_valid_v1,B1_formal_pending_R04,R02_input_20260905,Eunice,1,False,False,0,model_fold0_G,all_valid,,OOF_date_group_diagnostic,log1p_C,2.995732273553991,3.031890696871196,0.0013074315767862088
FREP-4483-I,R04_B1_all_valid_v1,B1_formal_pending_R04,R02_input_20260905,Eunice,1,False,False,0,model_fold0_G,all_valid,,OOF_date_group_diagnostic,log1p_C,0.6931471805599453,2.610046646795187,3.6745035636529537
FREP-4488-I,R04_B1_all_valid_v1,B1_formal_pending_R04,R02_input_20260905,Eunice,1,False,False,0,model_fold0_G,all_valid,,OOF_date_group_diagnostic,log1p_C,0.6931471805599453,4.19748840548504,12.280407420709514
FREP-4492-I,R04_B1_all_valid_v1,B1_formal_pending_R04,R02_input_20260905,Eunice,1,False,False,0,model_fold0_G,all_valid,,OOF_date_group_diagnostic,log1p_C,4.30406509320417,3.9861463418021907,0.1010723324929936
FREP-4505-I,R04_B1_all_valid_v1,B1_formal_pending_R04,R02_input_20260905,Eunice,1,False,False,0,model_fold0_G,all_valid,,OOF_date_group_diagnostic,log1p_C,0.6931471805599453,4.815733790645918,16.995720357660154
FREP-4514-I,R04_B1_all_valid_v1,B1_formal_pending_R04,R02_input_20260905,Franklin,1,False,False,3,model_fold3_G,all_valid,,OOF_date_group_diagnostic,log1p_C,3.8066624897703196,3.1115276498408106,0.48321244568382404
FREP-4519-I,R04_B1_all_valid_v1,B1_formal_pending_R04,R02_input_20260905,Eunice,1,False,False,0,model_fold0_G,all_valid,,OOF_date_group_diagnostic,log1p_C,1.9459101490553132,4.56650637618017,6.867524585621033
FREP-4531-I,R04_B1_all_valid_v1,B1_formal_pending_R04,R02_input_20260905,Eunice,1,False,False,0,model_fold0_G,all_valid,,OOF_date_group_diagnostic,log1p_C,3.5553480614894135,2.8382341975913943,0.5142522937947469
FREP-4534-I,R04_B1_all_valid_v1,B1_formal_pending_R04,R02_input_20260905,Eunice;Franklin,2,False,False,1,model_fold1_G,all_valid,,OOF_date_group_diagnostic,log1p_C,0.0,2.516767458930953,6.334118442333766
FREP-4536-I,R04_B1_all_valid_v1,B1_formal_pending_R04,R02_input_20260905,Franklin,1,False,False,3,model_fold3_G,all_valid,,OOF_date_group_diagnostic,log1p_C,3.9318256327243257,3.26296298969689,0.4473772352376467
FREP-4537-I,R04_B1_all_valid_v1,B1_formal_pending_R04,R02_input_20260905,Eunice,1,False,False,0,model_fold0_G,all_valid,,OOF_date_group_diagnostic,log1p_C,4.204692619390966,4.875275003446095,0.4496807338050612
FREP-4538-I,R04_B1_all_valid_v1,B1_formal_pending_R04,R02_input_20260905,Eunice,1,False,False,0,model_fold0_G,all_valid,,OOF_date_group_diagnostic,log1p_C,0.0,3.2622824835498854,10.642487002476408
FREP-4543-I,R04_B1_all_valid_v1,B1_formal_pending_R04,R02_input_20260905,Franklin,1,False,False,3,model_fold3_G,all_valid,,OOF_date_group_diagnostic,log1p_C,6.822197390620491,3.319354675561908,12.269907086438984
FREP-4549-I,R04_B1_all_valid_v1,B1_formal_pending_R04,R02_input_20260905,Eunice,1,False,False,0,model_fold0_G,all_valid,,OOF_date_group_diagnostic,log1p_C,0.0,3.5636321834784876,12.699474339123654
FREP-57127-C,R04_B1_all_valid_v1,B1_formal_pending_R04,R02_input_20260905,Arwen,1,False,False,1,model_fold1_G,all_valid,,OOF_date_group_diagnostic,log1p_C,3.6109179126442243,3.173922675422989,0.19096483735404396
FREP-57209-C,R04_B1_all_valid_v1,B1_formal_pending_R04,R02_input_20260905,Arwen,1,False,False,1,model_fold1_G,all_valid,,OOF_date_group_diagnostic,log1p_C,2.302585092994046,2.855454060137935,0.30566409483075074
FREP-57213-C,R04_B1_all_valid_v1,B1_formal_pending_R04,R02_input_20260905,Arwen,1,False,False,2,model_fold2_G,all_valid,,OOF_date_group_diagnostic,log1p_C,0.0,2.589802200468746,6.70707543755276
FREP-57214-C,R04_B1_all_valid_v1,B1_formal_pending_R04,R02_input_20260905,Arwen,1,False,False,1,model_fold1_G,all_valid,,OOF_date_group_diagnostic,log1p_C,3.2188758248682006,2.444004988353446,0.6004248132810758
FREP-57216-C,R04_B1_all_valid_v1,B1_formal_pending_R04,R02_input_20260905,Arwen,1,False,False,1,model_fold1_G,all_valid,,OOF_date_group_diagnostic,log1p_C,5.981414211254481,2.7736601527070786,10.28968610012733
FREP-57239-C,R04_B1_all_valid_v1,B1_formal_pending_R04,R02_input_20260905,Arwen,1,False,False,2,model_fold2_G,all_valid,,OOF_date_group_diagnostic,log1p_C,3.1780538303479458,2.903211497673071,0.07553830783016655
FREP-57246-C,R04_B1_all_valid_v1,B1_formal_pending_R04,R02_input_20260905,Arwen,1,False,False,2,model_fold2_G,all_valid,,OOF_date_group_diagnostic,log1p_C,0.6931471805599453,2.768707927162516,4.3079524128374205
FREP-57259-C,R04_B1_all_valid_v1,B1_formal_pending_R04,R02_input_20260905,Arwen,1,False,False,2,model_fold2_G,all_valid,,OOF_date_group_diagnostic,log1p_C,1.791759469228055,2.8083712831559806,1.0334995802178273
FREP-57267-C,R04_B1_all_valid_v1,B1_formal_pending_R04,R02_input_20260905,Arwen,1,False,False,2,model_fold2_G,all_valid,,OOF_date_group_diagnostic,log1p_C,2.8903717578961645,3.0595043115917164,0.02860582071957875
FREP-57269-C,R04_B1_all_valid_v1,B1_formal_pending_R04,R02_input_20260905,Arwen,1,False,False,2,model_fold2_G,all_valid,,OOF_date_group_diagnostic,log1p_C,5.25227342804663,2.903959669054209,5.5145775106731145
FREP-57274-C,R04_B1_all_valid_v1,B1_formal_pending_R04,R02_input_20260905,Arwen,1,False,False,2,model_fold2_G,all_valid,,OOF_date_group_diagnostic,log1p_C,6.401917196727186,2.9598012477839877,11.848162205969134
FREP-57280-C,R04_B1_all_valid_v1,B1_formal_pending_R04,R02_input_20260905,Arwen,1,False,False,2,model_fold2_G,all_valid,,OOF_date_group_diagnostic,log1p_C,4.663439094112067,3.1658080421585333,2.242898767775448
FREP-57299-C,R04_B1_all_valid_v1,B1_formal_pending_R04,R02_input_20260905,Arwen,1,False,False,2,model_fold2_G,all_valid,,OOF_date_group_diagnostic,log1p_C,0.0,3.1454866627209856,9.894086345355603
FREP-60545-C,R04_B1_all_valid_v1,B1_formal_pending_R04,R02_input_20260905,Dudley,1,False,False,3,model_fold3_G,all_valid,,OOF_date_group_diagnostic,log1p_C,2.70805020110221,3.824465171004814,1.2463823850226317
FREP-60551-C,R04_B1_all_valid_v1,B1_formal_pending_R04,R02_input_20260905,Dudley,1,False,False,3,model_fold3_G,all_valid,,OOF_date_group_diagnostic,log1p_C,1.0986122886681098,3.5463961352977313,5.991645759820908
FREP-60562-C,R04_B1_all_valid_v1,B1_formal_pending_R04,R02_input_20260905,Dudley;Eunice,2,False,False,3,model_fold3_G,all_valid,,OOF_date_group_diagnostic,log1p_C,3.7612001156935624,2.813968342232219,0.8972480326547216
FREP-60602-C,R04_B1_all_valid_v1,B1_formal_pending_R04,R02_input_20260905,Dudley;Eunice,2,False,False,3,model_fold3_G,all_valid,,OOF_date_group_diagnostic,log1p_C,2.0794415416798357,3.132979652201492,1.1099425503215419
FREP-60604-C,R04_B1_all_valid_v1,B1_formal_pending_R04,R02_input_20260905,Dudley;Eunice,2,False,False,3,model_fold3_G,all_valid,,OOF_date_group_diagnostic,log1p_C,0.6931471805599453,2.7897711709844653,4.395832157223637
FREP-60624-C,R04_B1_all_valid_v1,B1_formal_pending_R04,R02_input_20260905,Dudley;Eunice,2,False,False,3,model_fold3_G,all_valid,,OOF_date_group_diagnostic,log1p_C,0.6931471805599453,2.9418796901293223,5.056797899594188
FREP-60628-C,R04_B1_all_valid_v1,B1_formal_pending_R04,R02_input_20260905,Dudley;Eunice,2,False,False,3,model_fold3_G,all_valid,,OOF_date_group_diagnostic,log1p_C,0.6931471805599453,3.0434488831951296,5.523918093409846
FREP-60645-C,R04_B1_all_valid_v1,B1_formal_pending_R04,R02_input_20260905,Dudley;Eunice,2,False,False,3,model_fold3_G,all_valid,,OOF_date_group_diagnostic,log1p_C,4.553876891600541,3.0197006909416793,2.3536966146680594
FREP-60662-C,R04_B1_all_valid_v1,B1_formal_pending_R04,R02_input_20260905,Eunice,1,False,False,0,model_fold0_G,all_valid,,OOF_date_group_diagnostic,log1p_C,3.7376696182833684,4.815733790645918,1.1622223597317498
FREP-60668-C,R04_B1_all_valid_v1,B1_formal_pending_R04,R02_input_20260905,Eunice,1,False,False,0,model_fold0_G,all_valid,,OOF_date_group_diagnostic,log1p_C,3.1780538303479458,4.17636829611997,0.9966317725696829
FREP-60676-C,R04_B1_all_valid_v1,B1_formal_pending_R04,R02_input_20260905,Eunice,1,False,False,0,model_fold0_G,all_valid,,OOF_date_group_diagnostic,log1p_C,5.0106352940962555,2.922903151817914,4.358625497902113
FREP-60677-C,R04_B1_all_valid_v1,B1_formal_pending_R04,R02_input_20260905,Eunice,1,False,False,0,model_fold0_G,all_valid,,OOF_date_group_diagnostic,log1p_C,2.70805020110221,3.7982381014657367,1.1885096580990346
FREP-60698-C,R04_B1_all_valid_v1,B1_formal_pending_R04,R02_input_20260905,Franklin,1,False,False,3,model_fold3_G,all_valid,,OOF_date_group_diagnostic,log1p_C,3.828641396489095,3.1870337589682585,0.41166036052506927
FREP-60701-C,R04_B1_all_valid_v1,B1_formal_pending_R04,R02_input_20260905,Eunice,1,False,False,0,model_fold0_G,all_valid,,OOF_date_group_diagnostic,log1p_C,7.1049654482698426,3.7542192132999137,11.227500331165153
FREP-60705-C,R04_B1_all_valid_v1,B1_formal_pending_R04,R02_input_20260905,Franklin,1,False,False,3,model_fold3_G,all_valid,,OOF_date_group_diagnostic,log1p_C,2.1972245773362196,2.931807753186209,0.5396124422418566
FREP-60706-C,R04_B1_all_valid_v1,B1_formal_pending_R04,R02_input_20260905,Eunice,1,False,False,0,model_fold0_G,all_valid,,OOF_date_group_diagnostic,log1p_C,0.6931471805599453,4.553119277906158,14.899384592291321
FREP-60708-C,R04_B1_all_valid_v1,B1_formal_pending_R04,R02_input_20260905,Eunice,1,False,False,0,model_fold0_G,all_valid,,OOF_date_group_diagnostic,log1p_C,0.6931471805599453,3.0527701223456187,5.5678204274012755
FREP-60709-C,R04_B1_all_valid_v1,B1_formal_pending_R04,R02_input_20260905,Eunice,1,False,False,0,model_fold0_G,all_valid,,OOF_date_group_diagnostic,log1p_C,5.75890177387728,4.267864995311066,2.2231906750371144
FREP-60710-C,R04_B1_all_valid_v1,B1_formal_pending_R04,R02_input_20260905,Eunice,1,False,False,0,model_fold0_G,all_valid,,OOF_date_group_diagnostic,log1p_C,4.890349128221754,4.263158674929721,0.39336786470066576
FREP-60716-C,R04_B1_all_valid_v1,B1_formal_pending_R04,R02_input_20260905,Eunice,1,False,False,0,model_fold0_G,all_valid,,OOF_date_group_diagnostic,log1p_C,1.3862943611198906,3.891019484089084,6.273647941633042
FREP-60719-C,R04_B1_all_valid_v1,B1_formal_pending_R04,R02_input_20260905,Eunice,1,False,False,0,model_fold0_G,all_valid,,OOF_date_group_diagnostic,log1p_C,0.6931471805599453,4.290137905128309,12.938342272630841
FREP-60721-C,R04_B1_all_valid_v1,B1_formal_pending_R04,R02_input_20260905,Eunice,1,False,False,0,model_fold0_G,all_valid,,OOF_date_group_diagnostic,log1p_C,6.09807428216624,3.8976845372122826,4.841715029698542
FREP-60726-C,R04_B1_all_valid_v1,B1_formal_pending_R04,R02_input_20260905,Eunice,1,False,False,0,model_fold0_G,all_valid,,OOF_date_group_diagnostic,log1p_C,6.977281341630747,4.116572584561326,8.183654592773673
FREP-60728-C,R04_B1_all_valid_v1,B1_formal_pending_R04,R02_input_20260905,Eunice,1,False,False,0,model_fold0_G,all_valid,,OOF_date_group_diagnostic,log1p_C,1.9459101490553132,3.8830921557623927,3.7526741271096675
FREP-60738-C,R04_B1_all_valid_v1,B1_formal_pending_R04,R02_input_20260905,Eunice;Franklin,2,False,False,1,model_fold1_G,all_valid,,OOF_date_group_diagnostic,log1p_C,1.791759469228055,2.781216884291026,0.9790259762230963
FREP-60741-C,R04_B1_all_valid_v1,B1_formal_pending_R04,R02_input_20260905,Eunice,1,False,False,0,model_fold0_G,all_valid,,OOF_date_group_diagnostic,log1p_C,0.6931471805599453,3.8790813288058272,10.150176396959212
FREP-60760-C,R04_B1_all_valid_v1,B1_formal_pending_R04,R02_input_20260905,Eunice,1,False,False,0,model_fold0_G,all_valid,,OOF_date_group_diagnostic,log1p_C,6.787844982309579,4.428160632489976,5.568110230783564
FREP-60765-C,R04_B1_all_valid_v1,B1_formal_pending_R04,R02_input_20260905,Eunice,1,False,False,0,model_fold0_G,all_valid,,OOF_date_group_diagnostic,log1p_C,6.448889394146858,3.8854415986450466,6.5712646002630954
FREP-60767-C,R04_B1_all_valid_v1,B1_formal_pending_R04,R02_input_20260905,Eunice,1,False,False,0,model_fold0_G,all_valid,,OOF_date_group_diagnostic,log1p_C,2.6390573296152584,5.388282946442943,7.558241492221563
FREP-60774-C,R04_B1_all_valid_v1,B1_formal_pending_R04,R02_input_20260905,Eunice,1,False,False,0,model_fold0_G,all_valid,,OOF_date_group_diagnostic,log1p_C,0.0,4.615661988354363,21.304335590739353
FREP-60775-C,R04_B1_all_valid_v1,B1_formal_pending_R04,R02_input_20260905,Eunice,1,False,False,0,model_fold0_G,all_valid,,OOF_date_group_diagnostic,log1p_C,5.455321115357702,3.9835911710433005,2.1659890289916706
FREP-60777-C,R04_B1_all_valid_v1,B1_formal_pending_R04,R02_input_20260905,Eunice,1,False,False,0,model_fold0_G,all_valid,,OOF_date_group_diagnostic,log1p_C,5.303304908059076,3.910427927554573,1.9401062828193407
FREP-60786-C,R04_B1_all_valid_v1,B1_formal_pending_R04,R02_input_20260905,Eunice,1,False,False,0,model_fold0_G,all_valid,,OOF_date_group_diagnostic,log1p_C,3.4965075614664802,4.446943001825414,0.9033275262902798
FREP-60790-C,R04_B1_all_valid_v1,B1_formal_pending_R04,R02_input_20260905,Eunice,1,False,False,0,model_fold0_G,all_valid,,OOF_date_group_diagnostic,log1p_C,0.6931471805599453,3.9460568825198354,10.58142152910478
FREP-60792-C,R04_B1_all_valid_v1,B1_formal_pending_R04,R02_input_20260905,Eunice,1,False,False,0,model_fold0_G,all_valid,,OOF_date_group_diagnostic,log1p_C,0.6931471805599453,3.7857878368046163,9.564426228657469
FREP-60795-C,R04_B1_all_valid_v1,B1_formal_pending_R04,R02_input_20260905,Eunice,1,False,False,0,model_fold0_G,all_valid,,OOF_date_group_diagnostic,log1p_C,6.486160788944089,5.125098478366513,1.852490613274769
FREP-60806-C,R04_B1_all_valid_v1,B1_formal_pending_R04,R02_input_20260905,Eunice;Franklin,2,False,False,1,model_fold1_G,all_valid,,OOF_date_group_diagnostic,log1p_C,1.0986122886681098,2.721153404488967,2.632639672529192
FREP-60811-C,R04_B1_all_valid_v1,B1_formal_pending_R04,R02_input_20260905,Eunice,1,False,False,0,model_fold0_G,all_valid,,OOF_date_group_diagnostic,log1p_C,1.0986122886681098,3.806812241751005,7.334346985878194
FREP-60828-C,R04_B1_all_valid_v1,B1_formal_pending_R04,R02_input_20260905,Eunice;Franklin,2,False,False,1,model_fold1_G,all_valid,,OOF_date_group_diagnostic,log1p_C,3.4657359027997265,2.6368852306381325,0.6869934367427262
FREP-60854-C,R04_B1_all_valid_v1,B1_formal_pending_R04,R02_input_20260905,Eunice;Franklin,2,False,False,1,model_fold1_G,all_valid,,OOF_date_group_diagnostic,log1p_C,1.9459101490553132,2.7258344444306544,0.6082819065167223
FREP-60866-C,R04_B1_all_valid_v1,B1_formal_pending_R04,R02_input_20260905,Franklin,1,False,False,3,model_fold3_G,all_valid,,OOF_date_group_diagnostic,log1p_C,0.6931471805599453,2.656029031499633,3.8529051607484135
FREP-60886-C,R04_B1_all_valid_v1,B1_formal_pending_R04,R02_input_20260905,Eunice;Franklin,2,False,False,1,model_fold1_G,all_valid,,OOF_date_group_diagnostic,log1p_C,5.14166355650266,2.7813996160170724,5.570845868756555
FREP-60892-C,R04_B1_all_valid_v1,B1_formal_pending_R04,R02_input_20260905,Eunice;Franklin,2,False,False,1,model_fold1_G,all_valid,,OOF_date_group_diagnostic,log1p_C,0.6931471805599453,2.8582359783988247,4.687609502527404
FREP-60899-C,R04_B1_all_valid_v1,B1_formal_pending_R04,R02_input_20260905,Eunice;Franklin,2,False,False,1,model_fold1_G,all_valid,,OOF_date_group_diagnostic,log1p_C,0.0,2.900150178187763,8.410871056042515
FREP-60914-C,R04_B1_all_valid_v1,B1_formal_pending_R04,R02_input_20260905,Eunice;Franklin,2,False,False,1,model_fold1_G,all_valid,,OOF_date_group_diagnostic,log1p_C,1.6094379124341003,2.722548655901063,1.2390155272215744
FREP-60915-C,R04_B1_all_valid_v1,B1_formal_pending_R04,R02_input_20260905,Eunice;Franklin,2,False,False,1,model_fold1_G,all_valid,,OOF_date_group_diagnostic,log1p_C,0.6931471805599453,2.636020052575249,3.7747549968129936
FREP-60922-C,R04_B1_all_valid_v1,B1_formal_pending_R04,R02_input_20260905,Franklin,1,False,False,3,model_fold3_G,all_valid,,OOF_date_group_diagnostic,log1p_C,2.833213344056216,3.13451473423658,0.09078252772461971
FREP-60932-C,R04_B1_all_valid_v1,B1_formal_pending_R04,R02_input_20260905,Franklin,1,False,False,3,model_fold3_G,all_valid,,OOF_date_group_diagnostic,log1p_C,2.70805020110221,3.0441425123467933,0.11295804167772584
FREP-60937-C,R04_B1_all_valid_v1,B1_formal_pending_R04,R02_input_20260905,Franklin,1,False,False,3,model_fold3_G,all_valid,,OOF_date_group_diagnostic,log1p_C,4.31748811353631,2.976938966622801,1.797072015290537
FREP-60943-C,R04_B1_all_valid_v1,B1_formal_pending_R04,R02_input_20260905,Eunice,1,False,False,0,model_fold0_G,all_valid,,OOF_date_group_diagnostic,log1p_C,5.8664680569332965,4.2368246330594745,2.6557376889751936
FREP-60945-C,R04_B1_all_valid_v1,B1_formal_pending_R04,R02_input_20260905,Franklin,1,False,False,3,model_fold3_G,all_valid,,OOF_date_group_diagnostic,log1p_C,0.6931471805599453,3.190893202532091,6.238735190277678
FREP-60948-C,R04_B1_all_valid_v1,B1_formal_pending_R04,R02_input_20260905,Franklin,1,False,False,3,model_fold3_G,all_valid,,OOF_date_group_diagnostic,log1p_C,5.616771097666572,3.15657629690218,6.052558457708145
FREP-60949-C,R04_B1_all_valid_v1,B1_formal_pending_R04,R02_input_20260905,Franklin,1,False,False,3,model_fold3_G,all_valid,,OOF_date_group_diagnostic,log1p_C,4.795790545596741,3.0253809178736484,3.1343502499346205
FREP-60959-C,R04_B1_all_valid_v1,B1_formal_pending_R04,R02_input_20260905,Eunice,1,False,False,0,model_fold0_G,all_valid,,OOF_date_group_diagnostic,log1p_C,6.70073110954781,2.5876258994534327,16.91763446930551
FREP-60960-C,R04_B1_all_valid_v1,B1_formal_pending_R04,R02_input_20260905,Franklin,1,False,False,3,model_fold3_G,all_valid,,OOF_date_group_diagnostic,log1p_C,2.6390573296152584,3.2315174769574395,0.35100902618871893
FREP-60961-C,R04_B1_all_valid_v1,B1_formal_pending_R04,R02_input_20260905,Eunice;Franklin,2,False,False,1,model_fold1_G,all_valid,,OOF_date_group_diagnostic,log1p_C,6.198478716492308,2.7352358027306582,11.99405147972028
FREP-60969-C,R04_B1_all_valid_v1,B1_formal_pending_R04,R02_input_20260905,Eunice;Franklin,2,False,False,1,model_fold1_G,all_valid,,OOF_date_group_diagnostic,log1p_C,6.78897174299217,2.7739094611370936,16.120725127175294
FREP-60971-C,R04_B1_all_valid_v1,B1_formal_pending_R04,R02_input_20260905,Franklin,1,False,False,3,model_fold3_G,all_valid,,OOF_date_group_diagnostic,log1p_C,0.0,3.286982303554224,10.804252663878634
FREP-60983-C,R04_B1_all_valid_v1,B1_formal_pending_R04,R02_input_20260905,Franklin,1,False,False,3,model_fold3_G,all_valid,,OOF_date_group_diagnostic,log1p_C,3.5263605246161616,3.313578927557861,0.045276008046681034
FREP-60989-C,R04_B1_all_valid_v1,B1_formal_pending_R04,R02_input_20260905,Franklin,1,False,False,3,model_fold3_G,all_valid,,OOF_date_group_diagnostic,log1p_C,1.6094379124341003,3.493677222401247,3.5503577772254697
FREP-60993-C,R04_B1_all_valid_v1,B1_formal_pending_R04,R02_input_20260905,Eunice,1,False,False,0,model_fold0_G,all_valid,,OOF_date_group_diagnostic,log1p_C,6.0014148779611505,3.830468112332074,4.713009859195348
FREP-60994-C,R04_B1_all_valid_v1,B1_formal_pending_R04,R02_input_20260905,Franklin,1,False,False,3,model_fold3_G,all_valid,,OOF_date_group_diagnostic,log1p_C,0.6931471805599453,3.3409766607134648,7.011000955970057
FREP-60997-C,R04_B1_all_valid_v1,B1_formal_pending_R04,R02_input_20260905,Franklin,1,False,False,3,model_fold3_G,all_valid,,OOF_date_group_diagnostic,log1p_C,2.6390573296152584,3.4598323729544114,0.6736716717683884
FREP-61001-C,R04_B1_all_valid_v1,B1_formal_pending_R04,R02_input_20260905,Franklin,1,False,False,3,model_fold3_G,all_valid,,OOF_date_group_diagnostic,log1p_C,4.882801922586371,3.6229850993631785,1.5871384280761758
FREP-61009-C,R04_B1_all_valid_v1,B1_formal_pending_R04,R02_input_20260905,Eunice,1,False,False,0,model_fold0_G,all_valid,,OOF_date_group_diagnostic,log1p_C,5.631211781821365,4.942891666623487,0.47378458098602116
FREP-61011-C,R04_B1_all_valid_v1,B1_formal_pending_R04,R02_input_20260905,Eunice;Franklin,2,False,False,1,model_fold1_G,all_valid,,OOF_date_group_diagnostic,log1p_C,5.187385805840755,2.799622467618815,5.701413759356782
FREP-61017-C,R04_B1_all_valid_v1,B1_formal_pending_R04,R02_input_20260905,Franklin,1,False,False,3,model_fold3_G,all_valid,,OOF_date_group_diagnostic,log1p_C,1.0986122886681098,3.71943066788497,6.868688976840891
FREP-61019-C,R04_B1_all_valid_v1,B1_formal_pending_R04,R02_input_20260905,Franklin,1,False,False,3,model_fold3_G,all_valid,,OOF_date_group_diagnostic,log1p_C,0.6931471805599453,3.1936837907181617,6.2526833387415435
FREP-61024-C,R04_B1_all_valid_v1,B1_formal_pending_R04,R02_input_20260905,Franklin,1,False,False,3,model_fold3_G,all_valid,,OOF_date_group_diagnostic,log1p_C,5.971261839790462,3.142477677468768,8.002019837002049
FREP-61035-C,R04_B1_all_valid_v1,B1_formal_pending_R04,R02_input_20260905,Franklin,1,False,False,3,model_fold3_G,all_valid,,OOF_date_group_diagnostic,log1p_C,0.6931471805599453,3.104187456884814,5.813115214060699
FREP-61069-C,R04_B1_all_valid_v1,B1_formal_pending_R04,R02_input_20260905,Franklin,1,False,False,3,model_fold3_G,all_valid,,OOF_date_group_diagnostic,log1p_C,0.6931471805599453,2.7723404028060945,4.323044455434324
FREP-61121-C,R04_B1_all_valid_v1,B1_formal_pending_R04,R02_input_20260905,Franklin,1,False,False,3,model_fold3_G,all_valid,,OOF_date_group_diagnostic,log1p_C,0.6931471805599453,2.756359529156242,4.256845195400246
FREP-61165-C,R04_B1_all_valid_v1,B1_formal_pending_R04,R02_input_20260905,Eunice,1,False,False,0,model_fold0_G,all_valid,,OOF_date_group_diagnostic,log1p_C,0.6931471805599453,5.275283572045271,20.995973910174158
FREP-61178-C,R04_B1_all_valid_v1,B1_formal_pending_R04,R02_input_20260905,Eunice,1,False,False,0,model_fold0_G,all_valid,,OOF_date_group_diagnostic,log1p_C,3.258096538021482,4.101578777751003,0.7114622887391291
FREP-61540-C,R04_B1_all_valid_v1,B1_formal_pending_R04,R02_input_20260905,Eunice,1,False,False,0,model_fold0_G,all_valid,,OOF_date_group_diagnostic,log1p_C,5.8971538676367405,4.470458956166802,2.035458370414217
FREP-61543-C,R04_B1_all_valid_v1,B1_formal_pending_R04,R02_input_20260905,Eunice,1,False,False,0,model_fold0_G,all_valid,,OOF_date_group_diagnostic,log1p_C,0.0,3.7082171438826785,13.75087438618541
FREP-61545-C,R04_B1_all_valid_v1,B1_formal_pending_R04,R02_input_20260905,Eunice,1,False,False,0,model_fold0_G,all_valid,,OOF_date_group_diagnostic,log1p_C,6.872128101338986,3.8913215769798413,8.885207535662046
FREP-61668-C,R04_B1_all_valid_v1,B1_formal_pending_R04,R02_input_20260905,Eunice,1,False,False,0,model_fold0_G,all_valid,,OOF_date_group_diagnostic,log1p_C,0.0,4.3068151823179655,18.54865701464453
FREP-61671-C,R04_B1_all_valid_v1,B1_formal_pending_R04,R02_input_20260905,Eunice,1,False,False,0,model_fold0_G,all_valid,,OOF_date_group_diagnostic,log1p_C,6.642486801367256,5.290916254669731,1.826742942700247
FREP-61675-C,R04_B1_all_valid_v1,B1_formal_pending_R04,R02_input_20260905,Eunice,1,False,False,0,model_fold0_G,all_valid,,OOF_date_group_diagnostic,log1p_C,0.0,4.383034741684292,19.21099354681149
FREP-61687-C,R04_B1_all_valid_v1,B1_formal_pending_R04,R02_input_20260905,Eunice,1,False,False,0,model_fold0_G,all_valid,,OOF_date_group_diagnostic,log1p_C,0.0,3.280305471709892,10.760403987729855
FREP-61688-C,R04_B1_all_valid_v1,B1_formal_pending_R04,R02_input_20260905,Eunice,1,False,False,0,model_fold0_G,all_valid,,OOF_date_group_diagnostic,log1p_C,0.0,3.280305471709892,10.760403987729855
FREP-61692-C,R04_B1_all_valid_v1,B1_formal_pending_R04,R02_input_20260905,Eunice,1,False,False,0,model_fold0_G,all_valid,,OOF_date_group_diagnostic,log1p_C,5.541263545158426,4.205933041694749,1.7831075534805567
FREP-61720-C,R04_B1_all_valid_v1,B1_formal_pending_R04,R02_input_20260905,Franklin,1,False,False,3,model_fold3_G,all_valid,,OOF_date_group_diagnostic,log1p_C,5.093750200806762,2.6326922458248068,6.056806257779965
FREP-62035-C,R04_B1_all_valid_v1,B1_formal_pending_R04,R02_input_20260905,Eunice;Franklin,2,False,False,1,model_fold1_G,all_valid,,OOF_date_group_diagnostic,log1p_C,4.8283137373023015,2.6977387381689275,4.539349826932177
FREP-62157-C,R04_B1_all_valid_v1,B1_formal_pending_R04,R02_input_20260905,Eunice;Franklin,2,False,False,1,model_fold1_G,all_valid,,OOF_date_group_diagnostic,log1p_C,5.8377304471659395,2.7229652433729834,9.701762274759375
FREP-62158-C,R04_B1_all_valid_v1,B1_formal_pending_R04,R02_input_20260905,Franklin,1,False,False,3,model_fold3_G,all_valid,,OOF_date_group_diagnostic,log1p_C,5.8377304471659395,3.3194638991960024,6.341666406624424
FREP-76718-V,R04_B1_all_valid_v1,B1_formal_pending_R04,R02_input_20260905,Eunice,1,False,False,0,model_fold0_G,all_valid,,OOF_date_group_diagnostic,log1p_C,3.4965075614664802,4.5030870813509845,1.013202329850919
FREP-76726-V,R04_B1_all_valid_v1,B1_formal_pending_R04,R02_input_20260905,Eunice,1,False,False,0,model_fold0_G,all_valid,,OOF_date_group_diagnostic,log1p_C,3.9318256327243257,4.043245044788299,0.012414285384681483
FREP-76731-V,R04_B1_all_valid_v1,B1_formal_pending_R04,R02_input_20260905,Eunice,1,False,False,0,model_fold0_G,all_valid,,OOF_date_group_diagnostic,log1p_C,0.6931471805599453,4.819812925803826,17.029370172969234
FREP-76732-V,R04_B1_all_valid_v1,B1_formal_pending_R04,R02_input_20260905,Eunice,1,False,False,0,model_fold0_G,all_valid,,OOF_date_group_diagnostic,log1p_C,2.0794415416798357,2.867482413327823,0.6210084153877194
FREP-76738-V,R04_B1_all_valid_v1,B1_formal_pending_R04,R02_input_20260905,Eunice,1,False,False,0,model_fold0_G,all_valid,,OOF_date_group_diagnostic,log1p_C,0.6931471805599453,4.785291863590669,16.745648106856624
FREP-76739-V,R04_B1_all_valid_v1,B1_formal_pending_R04,R02_input_20260905,Eunice;Franklin,2,False,False,1,model_fold1_G,all_valid,,OOF_date_group_diagnostic,log1p_C,2.8903717578961645,2.943831034742762,0.0028578942809611395
FREP-76743-V,R04_B1_all_valid_v1,B1_formal_pending_R04,R02_input_20260905,Eunice,1,False,False,0,model_fold0_G,all_valid,,OOF_date_group_diagnostic,log1p_C,2.995732273553991,4.1002583140750675,1.219977774189167
FREP-76744-V,R04_B1_all_valid_v1,B1_formal_pending_R04,R02_input_20260905,Eunice,1,False,False,0,model_fold0_G,all_valid,,OOF_date_group_diagnostic,log1p_C,1.3862943611198906,4.230938334148369,8.091999333287243
FREP-76746-V,R04_B1_all_valid_v1,B1_formal_pending_R04,R02_input_20260905,Franklin,1,False,False,3,model_fold3_G,all_valid,,OOF_date_group_diagnostic,log1p_C,0.6931471805599453,3.2173475809790255,6.371587661475845
FREP-76748-V,R04_B1_all_valid_v1,B1_formal_pending_R04,R02_input_20260905,Eunice,1,False,False,0,model_fold0_G,all_valid,,OOF_date_group_diagnostic,log1p_C,0.6931471805599453,2.566519639252534,3.5095243689879148
FREP-76753-V,R04_B1_all_valid_v1,B1_formal_pending_R04,R02_input_20260905,Eunice,1,False,False,0,model_fold0_G,all_valid,,OOF_date_group_diagnostic,log1p_C,1.3862943611198906,4.55868836231087,10.064083698792512
FREP-76756-V,R04_B1_all_valid_v1,B1_formal_pending_R04,R02_input_20260905,Eunice,1,False,False,0,model_fold0_G,all_valid,,OOF_date_group_diagnostic,log1p_C,7.531552381407289,4.136050071439191,11.529435936998695
FREP-76757-V,R04_B1_all_valid_v1,B1_formal_pending_R04,R02_input_20260905,Franklin,1,False,False,3,model_fold3_G,all_valid,,OOF_date_group_diagnostic,log1p_C,1.791759469228055,2.9250721804681,1.284397701458262
FREP-76762-V,R04_B1_all_valid_v1,B1_formal_pending_R04,R02_input_20260905,Eunice,1,False,False,0,model_fold0_G,all_valid,,OOF_date_group_diagnostic,log1p_C,2.70805020110221,4.819812925803826,4.459541805439194
FREP-76770-V,R04_B1_all_valid_v1,B1_formal_pending_R04,R02_input_20260905,Eunice,1,False,False,0,model_fold0_G,all_valid,,OOF_date_group_diagnostic,log1p_C,2.302585092994046,5.089448923084476,7.766610007466304
FREP-76774-V,R04_B1_all_valid_v1,B1_formal_pending_R04,R02_input_20260905,Eunice,1,False,False,0,model_fold0_G,all_valid,,OOF_date_group_diagnostic,log1p_C,1.3862943611198906,3.533830913044323,4.611913241851479
FREP-76780-V,R04_B1_all_valid_v1,B1_formal_pending_R04,R02_input_20260905,Eunice,1,False,False,0,model_fold0_G,all_valid,,OOF_date_group_diagnostic,log1p_C,0.6931471805599453,5.147584036237436,19.842007701217973
FREP-76787-V,R04_B1_all_valid_v1,B1_formal_pending_R04,R02_input_20260905,Eunice,1,False,False,0,model_fold0_G,all_valid,,OOF_date_group_diagnostic,log1p_C,1.791759469228055,5.110364551912448,11.013139694818687
FREP-76789-V,R04_B1_all_valid_v1,B1_formal_pending_R04,R02_input_20260905,Franklin,1,False,False,3,model_fold3_G,all_valid,,OOF_date_group_diagnostic,log1p_C,1.3862943611198906,2.8052122297142446,2.0133279178163446
FREP-76792-V,R04_B1_all_valid_v1,B1_formal_pending_R04,R02_input_20260905,Eunice,1,False,False,0,model_fold0_G,all_valid,,OOF_date_group_diagnostic,log1p_C,1.0986122886681098,5.443245756004858,18.875839965502532
FREP-76794-V,R04_B1_all_valid_v1,B1_formal_pending_R04,R02_input_20260905,Franklin,1,False,False,3,model_fold3_G,all_valid,,OOF_date_group_diagnostic,log1p_C,4.59511985013459,3.5050369353714594,1.188280761058482
FREP-76796-V,R04_B1_all_valid_v1,B1_formal_pending_R04,R02_input_20260905,Eunice,1,False,False,0,model_fold0_G,all_valid,,OOF_date_group_diagnostic,log1p_C,1.0986122886681098,4.974410530387459,15.021812010514799
FREP-76797-V,R04_B1_all_valid_v1,B1_formal_pending_R04,R02_input_20260905,Eunice,1,False,False,0,model_fold0_G,all_valid,,OOF_date_group_diagnostic,log1p_C,1.791759469228055,4.872702579544071,9.492210449003727
FREP-76799-V,R04_B1_all_valid_v1,B1_formal_pending_R04,R02_input_20260905,Eunice,1,False,False,0,model_fold0_G,all_valid,,OOF_date_group_diagnostic,log1p_C,5.697093486505405,4.012653183446505,2.8373391345691563
FREP-76813-V,R04_B1_all_valid_v1,B1_formal_pending_R04,R02_input_20260905,Eunice,1,False,False,0,model_fold0_G,all_valid,,OOF_date_group_diagnostic,log1p_C,2.6390573296152584,2.7994575072936874,0.02572821699927158
FREP-76819-V,R04_B1_all_valid_v1,B1_formal_pending_R04,R02_input_20260905,Eunice,1,False,False,0,model_fold0_G,all_valid,,OOF_date_group_diagnostic,log1p_C,2.1972245773362196,2.6358149368451653,0.1923615034541863
FREP-76822-V,R04_B1_all_valid_v1,B1_formal_pending_R04,R02_input_20260905,Eunice,1,False,False,0,model_fold0_G,all_valid,,OOF_date_group_diagnostic,log1p_C,4.2626798770413155,3.6912851140856393,0.32649197513317335
FREP-76823-V,R04_B1_all_valid_v1,B1_formal_pending_R04,R02_input_20260905,Eunice,1,False,False,0,model_fold0_G,all_valid,,OOF_date_group_diagnostic,log1p_C,4.174387269895637,3.0932555870025715,1.1688457157551915
FREP-76826-V,R04_B1_all_valid_v1,B1_formal_pending_R04,R02_input_20260905,Eunice,1,False,False,0,model_fold0_G,all_valid,,OOF_date_group_diagnostic,log1p_C,2.1972245773362196,2.6057903800932714,0.16692601518251415
FREP-76828-V,R04_B1_all_valid_v1,B1_formal_pending_R04,R02_input_20260905,Franklin,1,False,False,3,model_fold3_G,all_valid,,OOF_date_group_diagnostic,log1p_C,2.833213344056216,3.1260327229939784,0.08574318868149679
FREP-76830-V,R04_B1_all_valid_v1,B1_formal_pending_R04,R02_input_20260905,Eunice,1,False,False,0,model_fold0_G,all_valid,,OOF_date_group_diagnostic,log1p_C,1.6094379124341003,2.6030155997083937,0.9871966206493336
FREP-76842-V,R04_B1_all_valid_v1,B1_formal_pending_R04,R02_input_20260905,Eunice,1,False,False,0,model_fold0_G,all_valid,,OOF_date_group_diagnostic,log1p_C,4.276666119016055,2.725392156156796,2.40645090784507
FREP-76843-V,R04_B1_all_valid_v1,B1_formal_pending_R04,R02_input_20260905,Eunice,1,False,False,0,model_fold0_G,all_valid,,OOF_date_group_diagnostic,log1p_C,3.8918202981106265,2.771399982031917,1.2553416846819156
FREP-76845-V,R04_B1_all_valid_v1,B1_formal_pending_R04,R02_input_20260905,Franklin,1,False,False,3,model_fold3_G,all_valid,,OOF_date_group_diagnostic,log1p_C,2.5649493574615367,2.7858570922153065,0.04880022727404191
FREP-76856-V,R04_B1_all_valid_v1,B1_formal_pending_R04,R02_input_20260905,Franklin,1,False,False,3,model_fold3_G,all_valid,,OOF_date_group_diagnostic,log1p_C,2.302585092994046,2.7419813943578597,0.19306910965219948
FREP-76857-V,R04_B1_all_valid_v1,B1_formal_pending_R04,R02_input_20260905,Eunice;Franklin,2,False,False,1,model_fold1_G,all_valid,,OOF_date_group_diagnostic,log1p_C,1.791759469228055,2.4793581553155732,0.4727919531092815
FREP-76859-V,R04_B1_all_valid_v1,B1_formal_pending_R04,R02_input_20260905,Eunice,1,False,False,0,model_fold0_G,all_valid,,OOF_date_group_diagnostic,log1p_C,0.6931471805599453,2.5880098688761484,3.5905046075729077
FREP-76869-V,R04_B1_all_valid_v1,B1_formal_pending_R04,R02_input_20260905,Eunice,1,False,False,0,model_fold0_G,all_valid,,OOF_date_group_diagnostic,log1p_C,1.6094379124341003,2.741353142739535,1.2812320885974053
FREP-76871-V,R04_B1_all_valid_v1,B1_formal_pending_R04,R02_input_20260905,Eunice,1,False,False,0,model_fold0_G,all_valid,,OOF_date_group_diagnostic,log1p_C,1.791759469228055,4.144068176110929,5.53335625247698
FREP-76883-V,R04_B1_all_valid_v1,B1_formal_pending_R04,R02_input_20260905,Eunice,1,False,False,0,model_fold0_G,all_valid,,OOF_date_group_diagnostic,log1p_C,3.4011973816621555,2.6585316209859764,0.5515524320807277
FREP-76888-V,R04_B1_all_valid_v1,B1_formal_pending_R04,R02_input_20260905,Eunice,1,False,False,0,model_fold0_G,all_valid,,OOF_date_group_diagnostic,log1p_C,4.02535169073515,3.2218982739134363,0.6455373930024858
FREP-76890-V,R04_B1_all_valid_v1,B1_formal_pending_R04,R02_input_20260905,Eunice,1,False,False,0,model_fold0_G,all_valid,,OOF_date_group_diagnostic,log1p_C,3.6109179126442243,4.508188861307953,0.8050951553159068
FREP-76892-V,R04_B1_all_valid_v1,B1_formal_pending_R04,R02_input_20260905,Eunice,1,False,False,0,model_fold0_G,all_valid,,OOF_date_group_diagnostic,log1p_C,2.0794415416798357,3.6677179614684183,2.522621985656438
FREP-76893-V,R04_B1_all_valid_v1,B1_formal_pending_R04,R02_input_20260905,Eunice,1,False,False,0,model_fold0_G,all_valid,,OOF_date_group_diagnostic,log1p_C,3.332204510175204,4.030067652351206,0.48701296520776277
FREP-76897-V,R04_B1_all_valid_v1,B1_formal_pending_R04,R02_input_20260905,Eunice,1,False,False,0,model_fold0_G,all_valid,,OOF_date_group_diagnostic,log1p_C,7.171656822768514,5.115653612348512,4.227149201257355
FREP-76898-V,R04_B1_all_valid_v1,B1_formal_pending_R04,R02_input_20260905,Eunice,1,False,False,0,model_fold0_G,all_valid,,OOF_date_group_diagnostic,log1p_C,1.3862943611198906,3.874111052474479,6.189231889782491
FREP-76903-V,R04_B1_all_valid_v1,B1_formal_pending_R04,R02_input_20260905,Eunice,1,False,False,0,model_fold0_G,all_valid,,OOF_date_group_diagnostic,log1p_C,0.6931471805599453,2.6300837106255655,3.7517231215026445
FREP-76918-V,R04_B1_all_valid_v1,B1_formal_pending_R04,R02_input_20260905,Eunice;Franklin,2,False,False,1,model_fold1_G,all_valid,,OOF_date_group_diagnostic,log1p_C,2.70805020110221,2.7059436225869464,4.437673040970342e-06
FREP-76926-V,R04_B1_all_valid_v1,B1_formal_pending_R04,R02_input_20260905,Eunice,1,False,False,0,model_fold0_G,all_valid,,OOF_date_group_diagnostic,log1p_C,3.4339872044851463,4.22551351817881,0.6265139052694808
FREP-76929-V,R04_B1_all_valid_v1,B1_formal_pending_R04,R02_input_20260905,Eunice,1,False,False,0,model_fold0_G,all_valid,,OOF_date_group_diagnostic,log1p_C,0.6931471805599453,2.7956366596025903,4.4204620094850124
FREP-76931-V,R04_B1_all_valid_v1,B1_formal_pending_R04,R02_input_20260905,Eunice,1,False,False,0,model_fold0_G,all_valid,,OOF_date_group_diagnostic,log1p_C,1.3862943611198906,2.885988024404708,2.249081083696635
FREP-76939-V,R04_B1_all_valid_v1,B1_formal_pending_R04,R02_input_20260905,Eunice,1,False,False,0,model_fold0_G,all_valid,,OOF_date_group_diagnostic,log1p_C,0.6931471805599453,2.549251497232925,3.4451232343720686
FREP-76940-V,R04_B1_all_valid_v1,B1_formal_pending_R04,R02_input_20260905,Eunice,1,False,False,0,model_fold0_G,all_valid,,OOF_date_group_diagnostic,log1p_C,3.044522437723423,2.7956366596025903,0.061944130550812354
FREP-76941-V,R04_B1_all_valid_v1,B1_formal_pending_R04,R02_input_20260905,Franklin,1,False,False,3,model_fold3_G,all_valid,,OOF_date_group_diagnostic,log1p_C,1.9459101490553132,3.0432026806928203,1.2040508999874495
FREP-76946-V,R04_B1_all_valid_v1,B1_formal_pending_R04,R02_input_20260905,Eunice,1,False,False,0,model_fold0_G,all_valid,,OOF_date_group_diagnostic,log1p_C,3.6375861597263857,3.1739700065034215,0.21493993752925894
FREP-76954-V,R04_B1_all_valid_v1,B1_formal_pending_R04,R02_input_20260905,Eunice,1,False,False,0,model_fold0_G,all_valid,,OOF_date_group_diagnostic,log1p_C,3.7612001156935624,3.149517881670928,0.37415515541892064
FREP-76958-V,R04_B1_all_valid_v1,B1_formal_pending_R04,R02_input_20260905,Franklin,1,False,False,3,model_fold3_G,all_valid,,OOF_date_group_diagnostic,log1p_C,3.2188758248682006,2.9698412341939684,0.062018227352282365
FREP-76966-V,R04_B1_all_valid_v1,B1_formal_pending_R04,R02_input_20260905,Eunice;Franklin,2,False,False,1,model_fold1_G,all_valid,,OOF_date_group_diagnostic,log1p_C,1.9459101490553132,2.6238908365006313,0.45965781254882604
FREP-76975-V,R04_B1_all_valid_v1,B1_formal_pending_R04,R02_input_20260905,Eunice,1,False,False,0,model_fold0_G,all_valid,,OOF_date_group_diagnostic,log1p_C,5.1298987149230735,2.882596224700588,5.050368482560185
FREP-76979-V,R04_B1_all_valid_v1,B1_formal_pending_R04,R02_input_20260905,Eunice,1,False,False,0,model_fold0_G,all_valid,,OOF_date_group_diagnostic,log1p_C,1.6094379124341003,2.9682610114208243,1.8464002143398845
FREP-76980-V,R04_B1_all_valid_v1,B1_formal_pending_R04,R02_input_20260905,Eunice,1,False,False,0,model_fold0_G,all_valid,,OOF_date_group_diagnostic,log1p_C,1.791759469228055,2.9403747431024247,1.3193170473774936
FREP-76981-V,R04_B1_all_valid_v1,B1_formal_pending_R04,R02_input_20260905,Eunice,1,False,False,0,model_fold0_G,all_valid,,OOF_date_group_diagnostic,log1p_C,2.833213344056216,2.804832709253848,0.0008054604317853987
FREP-76986-V,R04_B1_all_valid_v1,B1_formal_pending_R04,R02_input_20260905,Eunice,1,False,False,0,model_fold0_G,all_valid,,OOF_date_group_diagnostic,log1p_C,0.6931471805599453,3.441600374724251,7.553994960511974
FREP-77019-V,R04_B1_all_valid_v1,B1_formal_pending_R04,R02_input_20260905,Eunice,1,False,False,0,model_fold0_G,all_valid,,OOF_date_group_diagnostic,log1p_C,0.6931471805599453,3.5724526969823067,8.290400256900242
FREP-77025-V,R04_B1_all_valid_v1,B1_formal_pending_R04,R02_input_20260905,Eunice,1,False,False,0,model_fold0_G,all_valid,,OOF_date_group_diagnostic,log1p_C,2.3978952727983707,3.104127100238242,0.4987633940890599
FREP-77034-V,R04_B1_all_valid_v1,B1_formal_pending_R04,R02_input_20260905,Eunice,1,False,False,0,model_fold0_G,all_valid,,OOF_date_group_diagnostic,log1p_C,3.8066624897703196,3.3608794948001233,0.1987224786045981
FREP-77057-V,R04_B1_all_valid_v1,B1_formal_pending_R04,R02_input_20260905,Eunice,1,False,False,0,model_fold0_G,all_valid,,OOF_date_group_diagnostic,log1p_C,1.3862943611198906,3.2351853220137157,3.418397785274892
FREP-77061-V,R04_B1_all_valid_v1,B1_formal_pending_R04,R02_input_20260905,Eunice;Franklin,2,False,False,1,model_fold1_G,all_valid,,OOF_date_group_diagnostic,log1p_C,1.3862943611198906,2.72777453140209,1.799569047260359
FREP-77067-V,R04_B1_all_valid_v1,B1_formal_pending_R04,R02_input_20260905,Eunice;Franklin,2,False,False,1,model_fold1_G,all_valid,,OOF_date_group_diagnostic,log1p_C,5.855071922202427,2.789787725878932,9.395967204230574
FREP-77071-V,R04_B1_all_valid_v1,B1_formal_pending_R04,R02_input_20260905,Eunice;Franklin,2,False,False,1,model_fold1_G,all_valid,,OOF_date_group_diagnostic,log1p_C,1.0986122886681098,2.826103037729826,2.98422428809381
FREP-77073-V,R04_B1_all_valid_v1,B1_formal_pending_R04,R02_input_20260905,Eunice;Franklin,2,False,False,1,model_fold1_G,all_valid,,OOF_date_group_diagnostic,log1p_C,0.6931471805599453,2.8962974384626183,4.8538710588966145
FREP-77084-V,R04_B1_all_valid_v1,B1_formal_pending_R04,R02_input_20260905,Eunice;Franklin,2,False,False,1,model_fold1_G,all_valid,,OOF_date_group_diagnostic,log1p_C,4.1588830833596715,2.9260533937098296,1.5198690436821254
FREP-77086-V,R04_B1_all_valid_v1,B1_formal_pending_R04,R02_input_20260905,Eunice;Franklin,2,False,False,1,model_fold1_G,all_valid,,OOF_date_group_diagnostic,log1p_C,6.298949246855942,2.709556985311208,12.883736807237224
FREP-77088-V,R04_B1_all_valid_v1,B1_formal_pending_R04,R02_input_20260905,Eunice;Franklin,2,False,False,1,model_fold1_G,all_valid,,OOF_date_group_diagnostic,log1p_C,3.713572066704308,2.8033751031168683,0.8284585125237949
FREP-77089-V,R04_B1_all_valid_v1,B1_formal_pending_R04,R02_input_20260905,Eunice;Franklin,2,False,False,1,model_fold1_G,all_valid,,OOF_date_group_diagnostic,log1p_C,5.529429087511423,2.73620810075368,7.802083480863901
FREP-77090-V,R04_B1_all_valid_v1,B1_formal_pending_R04,R02_input_20260905,Franklin,1,False,False,3,model_fold3_G,all_valid,,OOF_date_group_diagnostic,log1p_C,6.529418838262226,3.094220556317407,11.800587236276634
FREP-77093-V,R04_B1_all_valid_v1,B1_formal_pending_R04,R02_input_20260905,Eunice;Franklin,2,False,False,1,model_fold1_G,all_valid,,OOF_date_group_diagnostic,log1p_C,7.298445101508147,2.8546490475931865,19.747323368790173
FREP-77097-V,R04_B1_all_valid_v1,B1_formal_pending_R04,R02_input_20260905,Eunice;Franklin,2,False,False,1,model_fold1_G,all_valid,,OOF_date_group_diagnostic,log1p_C,4.624972813284271,2.7774742423982133,3.4132509694260245
FREP-77105-V,R04_B1_all_valid_v1,B1_formal_pending_R04,R02_input_20260905,Eunice;Franklin,2,False,False,1,model_fold1_G,all_valid,,OOF_date_group_diagnostic,log1p_C,4.330733340286331,2.6389614846975693,2.8620920113622423
FREP-77113-V,R04_B1_all_valid_v1,B1_formal_pending_R04,R02_input_20260905,Franklin,1,False,False,3,model_fold3_G,all_valid,,OOF_date_group_diagnostic,log1p_C,2.302585092994046,2.9935625303430964,0.477449818925461
FREP-77118-V,R04_B1_all_valid_v1,B1_formal_pending_R04,R02_input_20260905,Franklin,1,False,False,3,model_fold3_G,all_valid,,OOF_date_group_diagnostic,log1p_C,0.6931471805599453,2.9326694119872996,5.015459825057356
FREP-77120-V,R04_B1_all_valid_v1,B1_formal_pending_R04,R02_input_20260905,Eunice;Franklin,2,False,False,1,model_fold1_G,all_valid,,OOF_date_group_diagnostic,log1p_C,2.4849066497880004,2.8525870913834916,0.1351889071318555
FREP-77137-V,R04_B1_all_valid_v1,B1_formal_pending_R04,R02_input_20260905,Franklin,1,False,False,3,model_fold3_G,all_valid,,OOF_date_group_diagnostic,log1p_C,0.6931471805599453,2.9684902431635947,5.177186052538554
FREP-77147-V,R04_B1_all_valid_v1,B1_formal_pending_R04,R02_input_20260905,Franklin,1,False,False,3,model_fold3_G,all_valid,,OOF_date_group_diagnostic,log1p_C,2.772588722239781,3.2394157720328094,0.2179274944184625
FREP-77153-V,R04_B1_all_valid_v1,B1_formal_pending_R04,R02_input_20260905,Franklin,1,False,False,3,model_fold3_G,all_valid,,OOF_date_group_diagnostic,log1p_C,1.6094379124341003,3.524566388545235,3.667717080011758
FREP-77155-V,R04_B1_all_valid_v1,B1_formal_pending_R04,R02_input_20260905,Franklin,1,False,False,3,model_fold3_G,all_valid,,OOF_date_group_diagnostic,log1p_C,0.6931471805599453,3.465708390675739,7.687095663838754
FREP-77157-V,R04_B1_all_valid_v1,B1_formal_pending_R04,R02_input_20260905,Franklin,1,False,False,3,model_fold3_G,all_valid,,OOF_date_group_diagnostic,log1p_C,1.791759469228055,3.463203766528783,2.793726038979125
FREP-77158-V,R04_B1_all_valid_v1,B1_formal_pending_R04,R02_input_20260905,Franklin,1,False,False,3,model_fold3_G,all_valid,,OOF_date_group_diagnostic,log1p_C,0.6931471805599453,2.783524539887645,4.3696775043898475
FREP-77162-V,R04_B1_all_valid_v1,B1_formal_pending_R04,R02_input_20260905,Franklin,1,False,False,3,model_fold3_G,all_valid,,OOF_date_group_diagnostic,log1p_C,6.621405651764134,3.258436789860945,11.309559566130432
FREP-77164-V,R04_B1_all_valid_v1,B1_formal_pending_R04,R02_input_20260905,Franklin,1,False,False,3,model_fold3_G,all_valid,,OOF_date_group_diagnostic,log1p_C,6.226536669287466,3.1876154484884336,9.23504218622268
FREP-77165-V,R04_B1_all_valid_v1,B1_formal_pending_R04,R02_input_20260905,Franklin,1,False,False,3,model_fold3_G,all_valid,,OOF_date_group_diagnostic,log1p_C,1.0986122886681098,3.117392117506854,4.075471997326191
FREP-77183-V,R04_B1_all_valid_v1,B1_formal_pending_R04,R02_input_20260905,Franklin,1,False,False,3,model_fold3_G,all_valid,,OOF_date_group_diagnostic,log1p_C,0.6931471805599453,2.9702195375807543,5.185058519108302
FREP-77188-V,R04_B1_all_valid_v1,B1_formal_pending_R04,R02_input_20260905,Franklin,1,False,False,3,model_fold3_G,all_valid,,OOF_date_group_diagnostic,log1p_C,0.6931471805599453,3.02638223698655,5.44398582853806
FREP-77193-V,R04_B1_all_valid_v1,B1_formal_pending_R04,R02_input_20260905,Franklin,1,False,False,3,model_fold3_G,all_valid,,OOF_date_group_diagnostic,log1p_C,0.6931471805599453,2.9255614762739843,4.983673587708409
FREP-77210-V,R04_B1_all_valid_v1,B1_formal_pending_R04,R02_input_20260905,Eunice;Franklin,2,False,False,1,model_fold1_G,all_valid,,OOF_date_group_diagnostic,log1p_C,2.1972245773362196,2.8038380927964353,0.36797995713900133
FREP-77231-V,R04_B1_all_valid_v1,B1_formal_pending_R04,R02_input_20260905,Franklin,1,False,False,3,model_fold3_G,all_valid,,OOF_date_group_diagnostic,log1p_C,5.572154032177765,2.8703014970622287,7.300007121510249
FREP-77268-V,R04_B1_all_valid_v1,B1_formal_pending_R04,R02_input_20260905,Eunice,1,False,False,0,model_fold0_G,all_valid,,OOF_date_group_diagnostic,log1p_C,3.4339872044851463,4.204895270340102,0.5942992460002287
FREP-77275-V,R04_B1_all_valid_v1,B1_formal_pending_R04,R02_input_20260905,Franklin,1,False,False,3,model_fold3_G,all_valid,,OOF_date_group_diagnostic,log1p_C,0.6931471805599453,2.781023860918215,4.359229032383869
FREP-77276-V,R04_B1_all_valid_v1,B1_formal_pending_R04,R02_input_20260905,Franklin,1,False,False,3,model_fold3_G,all_valid,,OOF_date_group_diagnostic,log1p_C,2.302585092994046,2.8554836148766065,0.30569677549992036
FREP-77277-V,R04_B1_all_valid_v1,B1_formal_pending_R04,R02_input_20260905,Franklin,1,False,False,3,model_fold3_G,all_valid,,OOF_date_group_diagnostic,log1p_C,0.6931471805599453,2.701931390411026,4.035214001747029
FREP-77285-V,R04_B1_all_valid_v1,B1_formal_pending_R04,R02_input_20260905,Franklin,1,False,False,3,model_fold3_G,all_valid,,OOF_date_group_diagnostic,log1p_C,2.772588722239781,2.598737950569093,0.03022409081049372
FREP-77289-V,R04_B1_all_valid_v1,B1_formal_pending_R04,R02_input_20260905,Franklin,1,False,False,4,model_fold4_G,all_valid,,OOF_date_group_diagnostic,log1p_C,0.6931471805599453,2.8807645511624136,4.785669760161657
FREP-77295-V,R04_B1_all_valid_v1,B1_formal_pending_R04,R02_input_20260905,Franklin,1,False,False,4,model_fold4_G,all_valid,,OOF_date_group_diagnostic,log1p_C,0.6931471805599453,2.6721400211380173,3.916412663059266
FREP-77314-V,R04_B1_all_valid_v1,B1_formal_pending_R04,R02_input_20260905,Franklin,1,False,False,4,model_fold4_G,all_valid,,OOF_date_group_diagnostic,log1p_C,3.1354942159291497,2.9048256754953083,0.053207975545878694
FREP-77321-V,R04_B1_all_valid_v1,B1_formal_pending_R04,R02_input_20260905,Franklin,1,False,False,4,model_fold4_G,all_valid,,OOF_date_group_diagnostic,log1p_C,1.0986122886681098,2.9015087446304273,3.250435630921485
FREP-77327-V,R04_B1_all_valid_v1,B1_formal_pending_R04,R02_input_20260905,Franklin,1,False,False,4,model_fold4_G,all_valid,,OOF_date_group_diagnostic,log1p_C,2.772588722239781,2.92957835099757,0.024645743537508338
FREP-77328-V,R04_B1_all_valid_v1,B1_formal_pending_R04,R02_input_20260905,Franklin,1,False,False,4,model_fold4_G,all_valid,,OOF_date_group_diagnostic,log1p_C,2.302585092994046,2.92957835099757,0.39312054558187365
FREP-77335-V,R04_B1_all_valid_v1,B1_formal_pending_R04,R02_input_20260905,Franklin,1,False,False,4,model_fold4_G,all_valid,,OOF_date_group_diagnostic,log1p_C,1.3862943611198906,2.93240894476512,2.3904703057604615
FREP-77381-V,R04_B1_all_valid_v1,B1_formal_pending_R04,R02_input_20260905,Franklin,1,False,False,4,model_fold4_G,all_valid,,OOF_date_group_diagnostic,log1p_C,1.6094379124341003,2.7858733504804096,1.3840003398912117
FREP-77479-V,R04_B1_all_valid_v1,B1_formal_pending_R04,R02_input_20260905,Eunice,1,False,False,0,model_fold0_G,all_valid,,OOF_date_group_diagnostic,log1p_C,1.791759469228055,3.4718923577404794,2.822846523061103
FREP-77814-V,R04_B1_all_valid_v1,B1_formal_pending_R04,R02_input_20260905,Eunice;Franklin,2,False,False,1,model_fold1_G,all_valid,,OOF_date_group_diagnostic,log1p_C,0.0,2.613867047736264,6.832300943241494
FREP-78109-V,R04_B1_all_valid_v1,B1_formal_pending_R04,R02_input_20260905,Franklin,1,False,False,3,model_fold3_G,all_valid,,OOF_date_group_diagnostic,log1p_C,2.0794415416798357,3.2676923308638703,1.411939937996481
FREP-78164-V,R04_B1_all_valid_v1,B1_formal_pending_R04,R02_input_20260905,Eunice,1,False,False,0,model_fold0_G,all_valid,,OOF_date_group_diagnostic,log1p_C,5.459585514144159,3.6624202562921617,3.2298029640302355
FREP-78167-V,R04_B1_all_valid_v1,B1_formal_pending_R04,R02_input_20260905,Eunice,1,False,False,0,model_fold0_G,all_valid,,OOF_date_group_diagnostic,log1p_C,6.326149473155099,2.8954768092367713,11.769514926956475
FREP-78394-V,R04_B1_all_valid_v1,B1_formal_pending_R04,R02_input_20260905,Eunice,1,False,False,0,model_fold0_G,all_valid,,OOF_date_group_diagnostic,log1p_C,6.688354713946762,3.297113167589833,11.500519225737332
FREP-78432-V,R04_B1_all_valid_v1,B1_formal_pending_R04,R02_input_20260905,Eunice,1,False,False,0,model_fold0_G,all_valid,,OOF_date_group_diagnostic,log1p_C,6.663132695990803,3.4718923577404794,10.184014896476038
FREP-78433-V,R04_B1_all_valid_v1,B1_formal_pending_R04,R02_input_20260905,Eunice,1,False,False,0,model_fold0_G,all_valid,,OOF_date_group_diagnostic,log1p_C,6.513230110912307,3.0564141008880457,11.949576927160054
FREP-78434-V,R04_B1_all_valid_v1,B1_formal_pending_R04,R02_input_20260905,Eunice,1,False,False,0,model_fold0_G,all_valid,,OOF_date_group_diagnostic,log1p_C,5.10594547390058,3.4278199595187147,2.8161052420194013
FREP-78435-V,R04_B1_all_valid_v1,B1_formal_pending_R04,R02_input_20260905,Eunice,1,False,False,0,model_fold0_G,all_valid,,OOF_date_group_diagnostic,log1p_C,6.970730078143525,3.4718923577404794,12.24186539371518
FREP-78436-V,R04_B1_all_valid_v1,B1_formal_pending_R04,R02_input_20260905,Eunice,1,False,False,0,model_fold0_G,all_valid,,OOF_date_group_diagnostic,log1p_C,6.306275286948016,3.114535363886333,10.187203736465797
FREP-78437-V,R04_B1_all_valid_v1,B1_formal_pending_R04,R02_input_20260905,Eunice,1,False,False,0,model_fold0_G,all_valid,,OOF_date_group_diagnostic,log1p_C,0.0,3.114535363886333,9.700330532898574
FREP-78451-V,R04_B1_all_valid_v1,B1_formal_pending_R04,R02_input_20260905,Franklin,1,False,False,3,model_fold3_G,all_valid,,OOF_date_group_diagnostic,log1p_C,7.513163545234075,2.789740487640395,22.310725381007632
FREP-82416-C,R04_B1_all_valid_v1,B1_formal_pending_R04,R02_input_20260905,Babet,1,False,False,3,model_fold3_G,all_valid,,OOF_date_group_diagnostic,log1p_C,1.3862943611198906,3.7693642330816193,5.6790220146516885
FREP-82638-C,R04_B1_all_valid_v1,B1_formal_pending_R04,R02_input_20260905,Babet,1,False,False,1,model_fold1_G,all_valid,,OOF_date_group_diagnostic,log1p_C,0.6931471805599453,3.4768126589091466,7.7487934953530875
FREP-83593-C,R04_B1_all_valid_v1,B1_formal_pending_R04,R02_input_20260905,Ciaran,1,False,False,2,model_fold2_G,all_valid,,OOF_date_group_diagnostic,log1p_C,1.6094379124341003,3.674597748458961,4.264885148330229
FREP-8511-I,R04_B1_all_valid_v1,B1_formal_pending_R04,R02_input_20260905,Ciaran,1,False,False,2,model_fold2_G,all_valid,,OOF_date_group_diagnostic,log1p_C,2.6390573296152584,4.182691781640337,2.3828073214787633
FREP-87003-C,R04_B1_all_valid_v1,B1_formal_pending_R04,R02_input_20260905,Henk,1,False,False,4,model_fold4_G,all_valid,,OOF_date_group_diagnostic,log1p_C,0.6931471805599453,3.0908920732280567,5.749180570316013
FREP-87021-C,R04_B1_all_valid_v1,B1_formal_pending_R04,R02_input_20260905,Henk,1,False,False,4,model_fold4_G,all_valid,,OOF_date_group_diagnostic,log1p_C,0.6931471805599453,2.8964226503143617,4.854422795621544
FREP-87062-C,R04_B1_all_valid_v1,B1_formal_pending_R04,R02_input_20260905,Henk,1,False,False,4,model_fold4_G,all_valid,,OOF_date_group_diagnostic,log1p_C,0.6931471805599453,3.855977046960297,10.003492763794068
FREP-87065-C,R04_B1_all_valid_v1,B1_formal_pending_R04,R02_input_20260905,Henk,1,False,False,4,model_fold4_G,all_valid,,OOF_date_group_diagnostic,log1p_C,0.6931471805599453,3.148423888658208,6.028383713329841
FREP-87069-C,R04_B1_all_valid_v1,B1_formal_pending_R04,R02_input_20260905,Henk,1,False,False,4,model_fold4_G,all_valid,,OOF_date_group_diagnostic,log1p_C,0.6931471805599453,3.826452264011176,9.817600745981325
FREP-87070-C,R04_B1_all_valid_v1,B1_formal_pending_R04,R02_input_20260905,Henk,1,False,False,4,model_fold4_G,all_valid,,OOF_date_group_diagnostic,log1p_C,1.0986122886681098,3.8208595522182973,7.410630163906483
FREP-87071-C,R04_B1_all_valid_v1,B1_formal_pending_R04,R02_input_20260905,Henk,1,False,False,3,model_fold3_G,all_valid,,OOF_date_group_diagnostic,log1p_C,0.0,3.1266766730035482,9.776107017504538
FREP-87074-C,R04_B1_all_valid_v1,B1_formal_pending_R04,R02_input_20260905,Henk,1,False,False,4,model_fold4_G,all_valid,,OOF_date_group_diagnostic,log1p_C,0.6931471805599453,3.879375909157041,10.152053510937463
FREP-87080-C,R04_B1_all_valid_v1,B1_formal_pending_R04,R02_input_20260905,Henk,1,False,False,4,model_fold4_G,all_valid,,OOF_date_group_diagnostic,log1p_C,3.091042453358316,2.822817355979412,0.07194470286392264
FREP-87086-C,R04_B1_all_valid_v1,B1_formal_pending_R04,R02_input_20260905,Henk,1,False,False,4,model_fold4_G,all_valid,,OOF_date_group_diagnostic,log1p_C,0.6931471805599453,3.722275921758869,9.175620930757376
FREP-87091-C,R04_B1_all_valid_v1,B1_formal_pending_R04,R02_input_20260905,Henk,1,False,False,3,model_fold3_G,all_valid,,OOF_date_group_diagnostic,log1p_C,0.0,3.198227488009043,10.228659065056634
FREP-87101-C,R04_B1_all_valid_v1,B1_formal_pending_R04,R02_input_20260905,Henk,1,False,False,4,model_fold4_G,all_valid,,OOF_date_group_diagnostic,log1p_C,0.6931471805599453,4.006261659296169,10.9767275492116
FREP-87103-C,R04_B1_all_valid_v1,B1_formal_pending_R04,R02_input_20260905,Henk,1,False,False,4,model_fold4_G,all_valid,,OOF_date_group_diagnostic,log1p_C,2.0794415416798357,3.826452264011176,3.052046463940672
FREP-87105-C,R04_B1_all_valid_v1,B1_formal_pending_R04,R02_input_20260905,Henk,1,False,False,4,model_fold4_G,all_valid,,OOF_date_group_diagnostic,log1p_C,7.095893221097532,3.9409676626255097,9.9535552795
FREP-87109-C,R04_B1_all_valid_v1,B1_formal_pending_R04,R02_input_20260905,Henk,1,False,False,4,model_fold4_G,all_valid,,OOF_date_group_diagnostic,log1p_C,0.6931471805599453,3.843956560175889,9.927599746675808
FREP-87115-C,R04_B1_all_valid_v1,B1_formal_pending_R04,R02_input_20260905,Henk,1,False,False,4,model_fold4_G,all_valid,,OOF_date_group_diagnostic,log1p_C,1.0986122886681098,3.4252655903627827,5.413315586286724
FREP-87131-C,R04_B1_all_valid_v1,B1_formal_pending_R04,R02_input_20260905,Henk,1,False,False,3,model_fold3_G,all_valid,,OOF_date_group_diagnostic,log1p_C,5.953243334287785,3.193609769812469,7.615577410178737
FREP-87135-C,R04_B1_all_valid_v1,B1_formal_pending_R04,R02_input_20260905,Henk,1,False,False,3,model_fold3_G,all_valid,,OOF_date_group_diagnostic,log1p_C,0.6931471805599453,3.248046997457307,6.527513074382171
FREP-87161-C,R04_B1_all_valid_v1,B1_formal_pending_R04,R02_input_20260905,Henk,1,False,False,3,model_fold3_G,all_valid,,OOF_date_group_diagnostic,log1p_C,0.6931471805599453,3.3453400379950895,7.034126953029995
FREP-87168-C,R04_B1_all_valid_v1,B1_formal_pending_R04,R02_input_20260905,Henk,1,False,False,3,model_fold3_G,all_valid,,OOF_date_group_diagnostic,log1p_C,4.465908118654584,3.220884037208665,1.5500849633802538
FREP-87202-C,R04_B1_all_valid_v1,B1_formal_pending_R04,R02_input_20260905,Henk,1,False,False,3,model_fold3_G,all_valid,,OOF_date_group_diagnostic,log1p_C,1.3862943611198906,3.1745604237789427,3.1978955108581086
FREP-87488-C,R04_B1_all_valid_v1,B1_formal_pending_R04,R02_input_20260905,Henk,1,False,False,3,model_fold3_G,all_valid,,OOF_date_group_diagnostic,log1p_C,0.0,3.0949005624188053,9.578409491260237
FREP-87513-C,R04_B1_all_valid_v1,B1_formal_pending_R04,R02_input_20260905,Henk,1,False,False,4,model_fold4_G,all_valid,,OOF_date_group_diagnostic,log1p_C,0.0,3.3531580200327245,11.24366870730978
FREP-87562-V,R04_B1_all_valid_v1,B1_formal_pending_R04,R02_input_20260905,Ciaran,1,False,False,2,model_fold2_G,all_valid,,OOF_date_group_diagnostic,log1p_C,7.878912912297133,5.686849898166641,4.805140257918856
FREP-87568-V,R04_B1_all_valid_v1,B1_formal_pending_R04,R02_input_20260905,Ciaran,1,False,False,2,model_fold2_G,all_valid,,OOF_date_group_diagnostic,log1p_C,1.0986122886681098,4.683161307237824,12.848991666529098
FREP-87577-V,R04_B1_all_valid_v1,B1_formal_pending_R04,R02_input_20260905,Ciaran,1,False,False,2,model_fold2_G,all_valid,,OOF_date_group_diagnostic,log1p_C,2.1972245773362196,4.631971447366193,5.927992321120753
FREP-87578-V,R04_B1_all_valid_v1,B1_formal_pending_R04,R02_input_20260905,Ciaran,1,False,False,2,model_fold2_G,all_valid,,OOF_date_group_diagnostic,log1p_C,6.018593214496234,5.0807685125671815,0.8795151715483165
FREP-87581-V,R04_B1_all_valid_v1,B1_formal_pending_R04,R02_input_20260905,Ciaran,1,False,False,2,model_fold2_G,all_valid,,OOF_date_group_diagnostic,log1p_C,3.6635616461296463,5.324988352060956,2.760338699181762
FREP-87584-V,R04_B1_all_valid_v1,B1_formal_pending_R04,R02_input_20260905,Ciaran,1,False,False,2,model_fold2_G,all_valid,,OOF_date_group_diagnostic,log1p_C,5.634789603169249,4.929930470312303,0.4968263971718468
FREP-87587-V,R04_B1_all_valid_v1,B1_formal_pending_R04,R02_input_20260905,Ciaran,1,False,False,2,model_fold2_G,all_valid,,OOF_date_group_diagnostic,log1p_C,6.156978985585555,3.252515975930093,8.435905374456864
FREP-87588-V,R04_B1_all_valid_v1,B1_formal_pending_R04,R02_input_20260905,Ciaran,1,False,False,2,model_fold2_G,all_valid,,OOF_date_group_diagnostic,log1p_C,4.290459441148391,4.882901398046626,0.3509874722934105
FREP-87593-V,R04_B1_all_valid_v1,B1_formal_pending_R04,R02_input_20260905,Ciaran,1,False,False,2,model_fold2_G,all_valid,,OOF_date_group_diagnostic,log1p_C,4.852030263919617,4.936912886486923,0.00720505961390381
FREP-87603-V,R04_B1_all_valid_v1,B1_formal_pending_R04,R02_input_20260905,Ciaran,1,False,False,2,model_fold2_G,all_valid,,OOF_date_group_diagnostic,log1p_C,6.386879319362645,5.088268295994341,1.6863905900136735
FREP-87605-V,R04_B1_all_valid_v1,B1_formal_pending_R04,R02_input_20260905,Ciaran,1,False,False,2,model_fold2_G,all_valid,,OOF_date_group_diagnostic,log1p_C,7.1316985104669115,4.9497961286909264,4.760698003599717
FREP-87612-V,R04_B1_all_valid_v1,B1_formal_pending_R04,R02_input_20260905,Ciaran,1,False,False,2,model_fold2_G,all_valid,,OOF_date_group_diagnostic,log1p_C,4.9344739331306915,5.022556547476299,0.007758546949956979
FREP-87618-V,R04_B1_all_valid_v1,B1_formal_pending_R04,R02_input_20260905,Ciaran,1,False,False,2,model_fold2_G,all_valid,,OOF_date_group_diagnostic,log1p_C,5.3706380281276624,5.389804199015366,0.00036734210649664694
FREP-87621-V,R04_B1_all_valid_v1,B1_formal_pending_R04,R02_input_20260905,Ciaran,1,False,False,2,model_fold2_G,all_valid,,OOF_date_group_diagnostic,log1p_C,1.0986122886681098,3.7404373094508117,6.979239440433522
FREP-87622-V,R04_B1_all_valid_v1,B1_formal_pending_R04,R02_input_20260905,Ciaran,1,False,False,2,model_fold2_G,all_valid,,OOF_date_group_diagnostic,log1p_C,0.0,4.76376545969367,22.693461354970445
FREP-87623-V,R04_B1_all_valid_v1,B1_formal_pending_R04,R02_input_20260905,Ciaran,1,False,False,2,model_fold2_G,all_valid,,OOF_date_group_diagnostic,log1p_C,5.961005339623274,5.11868170113154,0.7095091119619528
FREP-87626-V,R04_B1_all_valid_v1,B1_formal_pending_R04,R02_input_20260905,Ciaran,1,False,False,2,model_fold2_G,all_valid,,OOF_date_group_diagnostic,log1p_C,0.6931471805599453,4.70737363787532,16.114014050610745
FREP-87627-V,R04_B1_all_valid_v1,B1_formal_pending_R04,R02_input_20260905,Ciaran,1,False,False,2,model_fold2_G,all_valid,,OOF_date_group_diagnostic,log1p_C,2.772588722239781,5.168161997277367,5.738771316074304
FREP-87630-V,R04_B1_all_valid_v1,B1_formal_pending_R04,R02_input_20260905,Ciaran,1,False,False,2,model_fold2_G,all_valid,,OOF_date_group_diagnostic,log1p_C,5.973809611869261,5.088268295994341,0.7841834221214847
FREP-87631-C,R04_B1_all_valid_v1,B1_formal_pending_R04,R02_input_20260905,Henk,1,False,False,4,model_fold4_G,all_valid,,OOF_date_group_diagnostic,log1p_C,0.0,3.9756326270721196,15.805654785440364
FREP-87633-V,R04_B1_all_valid_v1,B1_formal_pending_R04,R02_input_20260905,Ciaran,1,False,False,2,model_fold2_G,all_valid,,OOF_date_group_diagnostic,log1p_C,5.552959584921617,5.051589526721762,0.2513719352593262
FREP-87634-V,R04_B1_all_valid_v1,B1_formal_pending_R04,R02_input_20260905,Ciaran,1,False,False,2,model_fold2_G,all_valid,,OOF_date_group_diagnostic,log1p_C,4.418840607796598,3.6740467819880935,0.5547178429624693
FREP-87642-V,R04_B1_all_valid_v1,B1_formal_pending_R04,R02_input_20260905,Ciaran,1,False,False,2,model_fold2_G,all_valid,,OOF_date_group_diagnostic,log1p_C,4.61512051684126,5.1260283104225275,0.26102677354207937
FREP-87643-V,R04_B1_all_valid_v1,B1_formal_pending_R04,R02_input_20260905,Ciaran,1,False,False,2,model_fold2_G,all_valid,,OOF_date_group_diagnostic,log1p_C,2.3978952727983707,3.7705566799606176,1.88419933871264
FREP-87646-V,R04_B1_all_valid_v1,B1_formal_pending_R04,R02_input_20260905,Ciaran,1,False,False,2,model_fold2_G,all_valid,,OOF_date_group_diagnostic,log1p_C,1.0986122886681098,4.679911821632968,12.825706344814307
FREP-87651-V,R04_B1_all_valid_v1,B1_formal_pending_R04,R02_input_20260905,Ciaran,1,False,False,2,model_fold2_G,all_valid,,OOF_date_group_diagnostic,log1p_C,2.302585092994046,4.835962559290307,6.418001386737663
FREP-87655-V,R04_B1_all_valid_v1,B1_formal_pending_R04,R02_input_20260905,Ciaran,1,False,False,2,model_fold2_G,all_valid,,OOF_date_group_diagnostic,log1p_C,2.70805020110221,3.915758185950855,1.4585585766671747
FREP-87658-C,R04_B1_all_valid_v1,B1_formal_pending_R04,R02_input_20260905,Henk,1,False,False,4,model_fold4_G,all_valid,,OOF_date_group_diagnostic,log1p_C,0.0,3.056158443570864,9.340104432209486
FREP-87658-V,R04_B1_all_valid_v1,B1_formal_pending_R04,R02_input_20260905,Ciaran,1,False,False,2,model_fold2_G,all_valid,,OOF_date_group_diagnostic,log1p_C,1.0986122886681098,4.428684652657566,11.089381949406322
FREP-87663-V,R04_B1_all_valid_v1,B1_formal_pending_R04,R02_input_20260905,Ciaran,1,False,False,2,model_fold2_G,all_valid,,OOF_date_group_diagnostic,log1p_C,3.2188758248682006,5.389804199015366,4.712930005677254
FREP-87664-V,R04_B1_all_valid_v1,B1_formal_pending_R04,R02_input_20260905,Ciaran,1,False,False,2,model_fold2_G,all_valid,,OOF_date_group_diagnostic,log1p_C,2.5649493574615367,5.262632006414263,7.277491674460597
FREP-87665-V,R04_B1_all_valid_v1,B1_formal_pending_R04,R02_input_20260905,Ciaran,1,False,False,2,model_fold2_G,all_valid,,OOF_date_group_diagnostic,log1p_C,3.6109179126442243,3.36431686889917,0.06081207477615019
FREP-87673-V,R04_B1_all_valid_v1,B1_formal_pending_R04,R02_input_20260905,Ciaran,1,False,False,2,model_fold2_G,all_valid,,OOF_date_group_diagnostic,log1p_C,5.181783550292085,4.513345910454915,0.446808878351086
FREP-87683-V,R04_B1_all_valid_v1,B1_formal_pending_R04,R02_input_20260905,Ciaran,1,False,False,2,model_fold2_G,all_valid,,OOF_date_group_diagnostic,log1p_C,1.791759469228055,4.0409490613608305,5.058853821358402
FREP-87688-V,R04_B1_all_valid_v1,B1_formal_pending_R04,R02_input_20260905,Ciaran,1,False,False,2,model_fold2_G,all_valid,,OOF_date_group_diagnostic,log1p_C,0.6931471805599453,3.791722157192636,9.601166885814278
FREP-87693-C,R04_B1_all_valid_v1,B1_formal_pending_R04,R02_input_20260905,Henk,1,False,False,4,model_fold4_G,all_valid,,OOF_date_group_diagnostic,log1p_C,0.0,3.3649928350554634,11.323176779974606
FREP-87697-V,R04_B1_all_valid_v1,B1_formal_pending_R04,R02_input_20260905,Ciaran,1,False,False,2,model_fold2_G,all_valid,,OOF_date_group_diagnostic,log1p_C,0.6931471805599453,4.886474868751633,17.583997100555045
FREP-87705-V,R04_B1_all_valid_v1,B1_formal_pending_R04,R02_input_20260905,Ciaran,1,False,False,2,model_fold2_G,all_valid,,OOF_date_group_diagnostic,log1p_C,0.6931471805599453,3.91151109700298,10.357866298662547
FREP-87710-V,R04_B1_all_valid_v1,B1_formal_pending_R04,R02_input_20260905,Ciaran,1,False,False,2,model_fold2_G,all_valid,,OOF_date_group_diagnostic,log1p_C,0.6931471805599453,3.575406562712373,8.307419146005692
FREP-87711-V,R04_B1_all_valid_v1,B1_formal_pending_R04,R02_input_20260905,Ciaran,1,False,False,2,model_fold2_G,all_valid,,OOF_date_group_diagnostic,log1p_C,5.407171771460119,5.389804199015366,0.000301632572623746
FREP-87716-V,R04_B1_all_valid_v1,B1_formal_pending_R04,R02_input_20260905,Ciaran,1,False,False,2,model_fold2_G,all_valid,,OOF_date_group_diagnostic,log1p_C,3.5553480614894135,4.76376545969367,1.4602726082827446
FREP-87739-V,R04_B1_all_valid_v1,B1_formal_pending_R04,R02_input_20260905,Ciaran,1,False,False,2,model_fold2_G,all_valid,,OOF_date_group_diagnostic,log1p_C,1.0986122886681098,3.876784193567306,7.7182391331712275
FREP-87741-V,R04_B1_all_valid_v1,B1_formal_pending_R04,R02_input_20260905,Ciaran,1,False,False,2,model_fold2_G,all_valid,,OOF_date_group_diagnostic,log1p_C,6.091309882077698,5.221011882395725,0.7574186082504428
FREP-87748-V,R04_B1_all_valid_v1,B1_formal_pending_R04,R02_input_20260905,Ciaran,1,False,False,2,model_fold2_G,all_valid,,OOF_date_group_diagnostic,log1p_C,0.6931471805599453,5.032338465800734,18.82858100990961
FREP-87751-V,R04_B1_all_valid_v1,B1_formal_pending_R04,R02_input_20260905,Ciaran,1,False,False,2,model_fold2_G,all_valid,,OOF_date_group_diagnostic,log1p_C,1.0986122886681098,4.812427710567126,13.792424987934963
FREP-87763-V,R04_B1_all_valid_v1,B1_formal_pending_R04,R02_input_20260905,Ciaran,1,False,False,2,model_fold2_G,all_valid,,OOF_date_group_diagnostic,log1p_C,3.970291913552122,5.253526824321645,1.6466918362176648
FREP-87765-V,R04_B1_all_valid_v1,B1_formal_pending_R04,R02_input_20260905,Ciaran,1,False,False,2,model_fold2_G,all_valid,,OOF_date_group_diagnostic,log1p_C,0.6931471805599453,3.753591899294902,9.366321876432686
FREP-87767-V,R04_B1_all_valid_v1,B1_formal_pending_R04,R02_input_20260905,Ciaran,1,False,False,2,model_fold2_G,all_valid,,OOF_date_group_diagnostic,log1p_C,1.3862943611198906,5.3732454821493345,15.895779241477937
FREP-87771-V,R04_B1_all_valid_v1,B1_formal_pending_R04,R02_input_20260905,Ciaran,1,False,False,2,model_fold2_G,all_valid,,OOF_date_group_diagnostic,log1p_C,4.127134385045092,4.379779342942311,0.06382947475088777
FREP-87778-C,R04_B1_all_valid_v1,B1_formal_pending_R04,R02_input_20260905,Henk,1,False,False,4,model_fold4_G,all_valid,,OOF_date_group_diagnostic,log1p_C,5.198497031265826,3.4453668857306448,3.073465307184206
FREP-87802-V,R04_B1_all_valid_v1,B1_formal_pending_R04,R02_input_20260905,Ciaran,1,False,False,2,model_fold2_G,all_valid,,OOF_date_group_diagnostic,log1p_C,5.41610040220442,4.484875910991689,0.8671790530344101
FREP-87854-C,R04_B1_all_valid_v1,B1_formal_pending_R04,R02_input_20260905,Henk,1,False,False,4,model_fold4_G,all_valid,,OOF_date_group_diagnostic,log1p_C,0.0,3.7891045548207365,14.357313327363252
FREP-87859-V,R04_B1_all_valid_v1,B1_formal_pending_R04,R02_input_20260905,Ciaran,1,False,False,2,model_fold2_G,all_valid,,OOF_date_group_diagnostic,log1p_C,1.0986122886681098,5.287251432987372,17.544697881323597
FREP-87869-V,R04_B1_all_valid_v1,B1_formal_pending_R04,R02_input_20260905,Ciaran,1,False,False,2,model_fold2_G,all_valid,,OOF_date_group_diagnostic,log1p_C,6.863803391452954,4.36302436264321,6.253895750934609
FREP-87876-V,R04_B1_all_valid_v1,B1_formal_pending_R04,R02_input_20260905,Ciaran,1,False,False,2,model_fold2_G,all_valid,,OOF_date_group_diagnostic,log1p_C,0.6931471805599453,4.484274827137728,14.372648832646398
FREP-87891-V,R04_B1_all_valid_v1,B1_formal_pending_R04,R02_input_20260905,Ciaran,1,False,False,3,model_fold3_G,all_valid,,OOF_date_group_diagnostic,log1p_C,0.0,3.496999555766209,12.229005893029061
FREP-87893-V,R04_B1_all_valid_v1,B1_formal_pending_R04,R02_input_20260905,Ciaran,1,False,False,2,model_fold2_G,all_valid,,OOF_date_group_diagnostic,log1p_C,0.6931471805599453,4.533746966566871,14.750206716276441
FREP-87895-V,R04_B1_all_valid_v1,B1_formal_pending_R04,R02_input_20260905,Ciaran,1,False,False,3,model_fold3_G,all_valid,,OOF_date_group_diagnostic,log1p_C,1.9459101490553132,3.3269328338837445,1.9072236560107285
FREP-87898-V,R04_B1_all_valid_v1,B1_formal_pending_R04,R02_input_20260905,Ciaran,1,False,False,2,model_fold2_G,all_valid,,OOF_date_group_diagnostic,log1p_C,0.6931471805599453,4.76376545969367,16.569933174417606
FREP-87906-V,R04_B1_all_valid_v1,B1_formal_pending_R04,R02_input_20260905,Ciaran,1,False,False,2,model_fold2_G,all_valid,,OOF_date_group_diagnostic,log1p_C,5.68697535633982,4.508201912931936,1.3895068308836804
FREP-87907-V,R04_B1_all_valid_v1,B1_formal_pending_R04,R02_input_20260905,Ciaran,1,False,False,2,model_fold2_G,all_valid,,OOF_date_group_diagnostic,log1p_C,0.6931471805599453,4.4449846273269475,14.076284226963137
FREP-87918-V,R04_B1_all_valid_v1,B1_formal_pending_R04,R02_input_20260905,Ciaran,1,False,False,2,model_fold2_G,all_valid,,OOF_date_group_diagnostic,log1p_C,0.0,3.6170152107965814,13.082799035133839
FREP-87940-V,R04_B1_all_valid_v1,B1_formal_pending_R04,R02_input_20260905,Ciaran,1,False,False,2,model_fold2_G,all_valid,,OOF_date_group_diagnostic,log1p_C,2.3978952727983707,4.555940015405962,4.657157111096267
FREP-87947-C,R04_B1_all_valid_v1,B1_formal_pending_R04,R02_input_20260905,Henk,1,False,False,4,model_fold4_G,all_valid,,OOF_date_group_diagnostic,log1p_C,0.0,3.8484334600914805,14.810440096751684
FREP-87947-V,R04_B1_all_valid_v1,B1_formal_pending_R04,R02_input_20260905,Ciaran,1,False,False,2,model_fold2_G,all_valid,,OOF_date_group_diagnostic,log1p_C,0.0,3.430653419267185,11.769382883129627
FREP-87950-C,R04_B1_all_valid_v1,B1_formal_pending_R04,R02_input_20260905,Henk,1,False,False,4,model_fold4_G,all_valid,,OOF_date_group_diagnostic,log1p_C,0.0,3.0211578310982237,9.127394640406123
FREP-87950-V,R04_B1_all_valid_v1,B1_formal_pending_R04,R02_input_20260905,Ciaran,1,False,False,2,model_fold2_G,all_valid,,OOF_date_group_diagnostic,log1p_C,0.6931471805599453,3.5857178262500753,8.366964940308215
FREP-87963-V,R04_B1_all_valid_v1,B1_formal_pending_R04,R02_input_20260905,Ciaran,1,False,False,3,model_fold3_G,all_valid,,OOF_date_group_diagnostic,log1p_C,2.1972245773362196,3.634278213488553,2.065123153178644
FREP-87971-V,R04_B1_all_valid_v1,B1_formal_pending_R04,R02_input_20260905,Ciaran,1,False,False,2,model_fold2_G,all_valid,,OOF_date_group_diagnostic,log1p_C,0.6931471805599453,3.9446158050405,10.572048215981468
FREP-87982-V,R04_B1_all_valid_v1,B1_formal_pending_R04,R02_input_20260905,Ciaran,1,False,False,2,model_fold2_G,all_valid,,OOF_date_group_diagnostic,log1p_C,0.6931471805599453,3.5841488526636036,8.357890668106148
FREP-87986-V,R04_B1_all_valid_v1,B1_formal_pending_R04,R02_input_20260905,Ciaran,1,False,False,2,model_fold2_G,all_valid,,OOF_date_group_diagnostic,log1p_C,1.6094379124341003,3.6223345391908595,4.051752830008739
FREP-87997-V,R04_B1_all_valid_v1,B1_formal_pending_R04,R02_input_20260905,Ciaran,1,False,False,2,model_fold2_G,all_valid,,OOF_date_group_diagnostic,log1p_C,0.6931471805599453,4.042248854281977,11.216482020927716
FREP-88004-V,R04_B1_all_valid_v1,B1_formal_pending_R04,R02_input_20260905,Ciaran,1,False,False,2,model_fold2_G,all_valid,,OOF_date_group_diagnostic,log1p_C,3.258096538021482,4.05453513740374,0.6343144425859732
FREP-88010-V,R04_B1_all_valid_v1,B1_formal_pending_R04,R02_input_20260905,Ciaran,1,False,False,2,model_fold2_G,all_valid,,OOF_date_group_diagnostic,log1p_C,1.791759469228055,3.542316051248224,3.0644483468541366
FREP-88023-V,R04_B1_all_valid_v1,B1_formal_pending_R04,R02_input_20260905,Ciaran,1,False,False,2,model_fold2_G,all_valid,,OOF_date_group_diagnostic,log1p_C,6.018593214496234,3.592504043436998,5.885908665930892
FREP-88027-V,R04_B1_all_valid_v1,B1_formal_pending_R04,R02_input_20260905,Ciaran,1,False,False,2,model_fold2_G,all_valid,,OOF_date_group_diagnostic,log1p_C,0.6931471805599453,3.550194430781061,8.162718989996037
FREP-88030-V,R04_B1_all_valid_v1,B1_formal_pending_R04,R02_input_20260905,Ciaran,1,False,False,2,model_fold2_G,all_valid,,OOF_date_group_diagnostic,log1p_C,2.6390573296152584,3.767682440483389,1.2737946408821001
FREP-88046-V,R04_B1_all_valid_v1,B1_formal_pending_R04,R02_input_20260905,Ciaran,1,False,False,2,model_fold2_G,all_valid,,OOF_date_group_diagnostic,log1p_C,6.324358962381311,3.6870496788962663,6.955400256756398
FREP-88051-V,R04_B1_all_valid_v1,B1_formal_pending_R04,R02_input_20260905,Ciaran,1,False,False,2,model_fold2_G,all_valid,,OOF_date_group_diagnostic,log1p_C,5.849324779946859,3.558521286170431,5.247780647098289
FREP-88054-V,R04_B1_all_valid_v1,B1_formal_pending_R04,R02_input_20260905,Ciaran,1,False,False,3,model_fold3_G,all_valid,,OOF_date_group_diagnostic,log1p_C,0.6931471805599453,3.2889449786400924,6.73816620851774
FREP-88062-V,R04_B1_all_valid_v1,B1_formal_pending_R04,R02_input_20260905,Ciaran,1,False,False,2,model_fold2_G,all_valid,,OOF_date_group_diagnostic,log1p_C,6.16541785423142,3.321468903233706,8.088045635881
FREP-88064-V,R04_B1_all_valid_v1,B1_formal_pending_R04,R02_input_20260905,Ciaran,1,False,False,2,model_fold2_G,all_valid,,OOF_date_group_diagnostic,log1p_C,7.601901959875166,4.4749042902898655,9.7781144255919
FREP-88066-V,R04_B1_all_valid_v1,B1_formal_pending_R04,R02_input_20260905,Ciaran,1,False,False,2,model_fold2_G,all_valid,,OOF_date_group_diagnostic,log1p_C,6.802394763324311,4.4749042902898655,5.417211902066106
FREP-88071-V,R04_B1_all_valid_v1,B1_formal_pending_R04,R02_input_20260905,Ciaran,1,False,False,3,model_fold3_G,all_valid,,OOF_date_group_diagnostic,log1p_C,0.0,3.1462024998865346,9.89859017029228
FREP-88073-V,R04_B1_all_valid_v1,B1_formal_pending_R04,R02_input_20260905,Ciaran,1,False,False,3,model_fold3_G,all_valid,,OOF_date_group_diagnostic,log1p_C,0.6931471805599453,3.2758864076647676,6.670541915226014
FREP-88076-V,R04_B1_all_valid_v1,B1_formal_pending_R04,R02_input_20260905,Ciaran,1,False,False,3,model_fold3_G,all_valid,,OOF_date_group_diagnostic,log1p_C,0.6931471805599453,3.2101787795177623,6.335448070152144
FREP-88087-V,R04_B1_all_valid_v1,B1_formal_pending_R04,R02_input_20260905,Ciaran,1,False,False,3,model_fold3_G,all_valid,,OOF_date_group_diagnostic,log1p_C,1.0986122886681098,3.2816181890213167,4.765514760976915
FREP-88098-V,R04_B1_all_valid_v1,B1_formal_pending_R04,R02_input_20260905,Ciaran,1,False,False,3,model_fold3_G,all_valid,,OOF_date_group_diagnostic,log1p_C,3.784189633918261,3.2355209574624872,0.30103731652373056
FREP-88108-V,R04_B1_all_valid_v1,B1_formal_pending_R04,R02_input_20260905,Ciaran,1,False,False,3,model_fold3_G,all_valid,,OOF_date_group_diagnostic,log1p_C,0.6931471805599453,3.7041340529255624,9.06604194555808
FREP-88135-V,R04_B1_all_valid_v1,B1_formal_pending_R04,R02_input_20260905,Ciaran,1,False,False,2,model_fold2_G,all_valid,,OOF_date_group_diagnostic,log1p_C,2.3978952727983707,3.664008679232362,1.603043157951885
FREP-88149-V,R04_B1_all_valid_v1,B1_formal_pending_R04,R02_input_20260905,Ciaran,1,False,False,3,model_fold3_G,all_valid,,OOF_date_group_diagnostic,log1p_C,5.017279836814924,3.506935519374778,2.2811399572237407
FREP-88175-V,R04_B1_all_valid_v1,B1_formal_pending_R04,R02_input_20260905,Ciaran,1,False,False,3,model_fold3_G,all_valid,,OOF_date_group_diagnostic,log1p_C,0.6931471805599453,3.4315331180111865,7.498757542430713
FREP-88214-V,R04_B1_all_valid_v1,B1_formal_pending_R04,R02_input_20260905,Ciaran,1,False,False,2,model_fold2_G,all_valid,,OOF_date_group_diagnostic,log1p_C,3.258096538021482,4.887169792607968,2.653879668809005
FREP-88215-V,R04_B1_all_valid_v1,B1_formal_pending_R04,R02_input_20260905,Ciaran,1,False,False,2,model_fold2_G,all_valid,,OOF_date_group_diagnostic,log1p_C,4.060443010546419,4.303744734777663,0.05919572901389612
FREP-88239-V,R04_B1_all_valid_v1,B1_formal_pending_R04,R02_input_20260905,Ciaran,1,False,False,2,model_fold2_G,all_valid,,OOF_date_group_diagnostic,log1p_C,0.0,4.629661886869509,21.433769186732142
FREP-88240-V,R04_B1_all_valid_v1,B1_formal_pending_R04,R02_input_20260905,Ciaran,1,False,False,3,model_fold3_G,all_valid,,OOF_date_group_diagnostic,log1p_C,0.0,3.654690880895088,13.356765434897714
FREP-88819-V,R04_B1_all_valid_v1,B1_formal_pending_R04,R02_input_20260905,Henk,1,False,False,4,model_fold4_G,all_valid,,OOF_date_group_diagnostic,log1p_C,0.6931471805599453,3.19326442775094,6.250586249701877
FREP-88827-V,R04_B1_all_valid_v1,B1_formal_pending_R04,R02_input_20260905,Henk,1,False,False,4,model_fold4_G,all_valid,,OOF_date_group_diagnostic,log1p_C,1.0986122886681098,3.42908960119806,5.431124504216821
FREP-88839-V,R04_B1_all_valid_v1,B1_formal_pending_R04,R02_input_20260905,Henk,1,False,False,4,model_fold4_G,all_valid,,OOF_date_group_diagnostic,log1p_C,5.384495062789089,3.4496673685764883,3.7435582062920485
FREP-88841-V,R04_B1_all_valid_v1,B1_formal_pending_R04,R02_input_20260905,Henk,1,False,False,4,model_fold4_G,all_valid,,OOF_date_group_diagnostic,log1p_C,5.605802066295998,3.5894564466613343,4.065649657819895
FREP-88842-V,R04_B1_all_valid_v1,B1_formal_pending_R04,R02_input_20260905,Henk,1,False,False,4,model_fold4_G,all_valid,,OOF_date_group_diagnostic,log1p_C,4.394449154672439,3.669413411180783,0.5256768293404989
FREP-88844-V,R04_B1_all_valid_v1,B1_formal_pending_R04,R02_input_20260905,Henk,1,False,False,4,model_fold4_G,all_valid,,OOF_date_group_diagnostic,log1p_C,5.703782474656201,3.6548887491628568,4.197965498365995
FREP-88845-V,R04_B1_all_valid_v1,B1_formal_pending_R04,R02_input_20260905,Henk,1,False,False,4,model_fold4_G,all_valid,,OOF_date_group_diagnostic,log1p_C,5.3471075307174685,3.5869444844300316,3.09817394951587
FREP-88850-V,R04_B1_all_valid_v1,B1_formal_pending_R04,R02_input_20260905,Henk,1,False,False,4,model_fold4_G,all_valid,,OOF_date_group_diagnostic,log1p_C,2.4849066497880004,3.1407912281115173,0.4301845800826177
FREP-88854-V,R04_B1_all_valid_v1,B1_formal_pending_R04,R02_input_20260905,Henk,1,False,False,4,model_fold4_G,all_valid,,OOF_date_group_diagnostic,log1p_C,2.833213344056216,3.219355879646938,0.149106057792432
FREP-88860-V,R04_B1_all_valid_v1,B1_formal_pending_R04,R02_input_20260905,Henk,1,False,False,4,model_fold4_G,all_valid,,OOF_date_group_diagnostic,log1p_C,2.302585092994046,3.533327860364239,1.514727759434041
FREP-88865-V,R04_B1_all_valid_v1,B1_formal_pending_R04,R02_input_20260905,Henk,1,False,False,3,model_fold3_G,all_valid,,OOF_date_group_diagnostic,log1p_C,3.58351893845611,3.5308213111452194,0.0027770399241975187
FREP-88868-V,R04_B1_all_valid_v1,B1_formal_pending_R04,R02_input_20260905,Henk,1,False,False,4,model_fold4_G,all_valid,,OOF_date_group_diagnostic,log1p_C,3.7376696182833684,3.6588104159337025,0.006218773795225556
FREP-88869-V,R04_B1_all_valid_v1,B1_formal_pending_R04,R02_input_20260905,Henk,1,False,False,4,model_fold4_G,all_valid,,OOF_date_group_diagnostic,log1p_C,1.0986122886681098,3.180944699074366,4.33610826742833
FREP-88906-V,R04_B1_all_valid_v1,B1_formal_pending_R04,R02_input_20260905,Henk,1,False,False,3,model_fold3_G,all_valid,,OOF_date_group_diagnostic,log1p_C,4.59511985013459,3.343137455726278,1.5674599159083693
FREP-9077-I,R04_B1_all_valid_v1,B1_formal_pending_R04,R02_input_20260905,Henk,1,False,False,3,model_fold3_G,all_valid,,OOF_date_group_diagnostic,log1p_C,3.871201010907891,3.1253987297905295,0.5562210425198602
FREP-9080-I,R04_B1_all_valid_v1,B1_formal_pending_R04,R02_input_20260905,Henk,1,False,False,4,model_fold4_G,all_valid,,OOF_date_group_diagnostic,log1p_C,0.6931471805599453,4.117274633865137,11.7246488164783
FREP-9084-I,R04_B1_all_valid_v1,B1_formal_pending_R04,R02_input_20260905,Henk,1,False,False,4,model_fold4_G,all_valid,,OOF_date_group_diagnostic,log1p_C,2.302585092994046,3.2057739605667526,0.8157501305072683
FREP-9094-I,R04_B1_all_valid_v1,B1_formal_pending_R04,R02_input_20260905,Henk,1,False,False,3,model_fold3_G,all_valid,,OOF_date_group_diagnostic,log1p_C,0.0,3.1592850845204445,9.981082245273353
FREP-9106-I,R04_B1_all_valid_v1,B1_formal_pending_R04,R02_input_20260905,Henk,1,False,False,3,model_fold3_G,all_valid,,OOF_date_group_diagnostic,log1p_C,4.07753744390572,2.8302222885756905,1.555795096715975
FREP-9415-O,R04_B1_all_valid_v1,B1_formal_pending_R04,R02_input_20260905,Eunice,1,False,False,0,model_fold0_G,all_valid,,OOF_date_group_diagnostic,log1p_C,3.258096538021482,3.550778051412901,0.0856624682810912
FREP-9416-O,R04_B1_all_valid_v1,B1_formal_pending_R04,R02_input_20260905,Eunice;Franklin,2,False,False,1,model_fold1_G,all_valid,,OOF_date_group_diagnostic,log1p_C,1.791759469228055,2.500914595772973,0.5029009935049388
FREP-9418-O,R04_B1_all_valid_v1,B1_formal_pending_R04,R02_input_20260905,Eunice,1,False,False,0,model_fold0_G,all_valid,,OOF_date_group_diagnostic,log1p_C,3.5553480614894135,4.964134395763701,1.9846789356379857
FREP-9420-O,R04_B1_all_valid_v1,B1_formal_pending_R04,R02_input_20260905,Eunice,1,False,False,0,model_fold0_G,all_valid,,OOF_date_group_diagnostic,log1p_C,1.791759469228055,3.518302865581093,2.9809520994902834
FREP-9422-O,R04_B1_all_valid_v1,B1_formal_pending_R04,R02_input_20260905,Eunice;Franklin,2,False,False,1,model_fold1_G,all_valid,,OOF_date_group_diagnostic,log1p_C,1.9459101490553132,2.6257945437168537,0.46224279010428937
FREP-9430-O,R04_B1_all_valid_v1,B1_formal_pending_R04,R02_input_20260905,Eunice,1,False,False,0,model_fold0_G,all_valid,,OOF_date_group_diagnostic,log1p_C,0.6931471805599453,5.359807096833909,21.777714774158117
FREP-9434-O,R04_B1_all_valid_v1,B1_formal_pending_R04,R02_input_20260905,Eunice,1,False,False,0,model_fold0_G,all_valid,,OOF_date_group_diagnostic,log1p_C,1.0986122886681098,5.424897722856087,18.71674565806705
FREP-9435-O,R04_B1_all_valid_v1,B1_formal_pending_R04,R02_input_20260905,Eunice,1,False,False,0,model_fold0_G,all_valid,,OOF_date_group_diagnostic,log1p_C,0.6931471805599453,5.2193108094409375,20.486157195405152
FREP-9437-O,R04_B1_all_valid_v1,B1_formal_pending_R04,R02_input_20260905,Eunice,1,False,False,0,model_fold0_G,all_valid,,OOF_date_group_diagnostic,log1p_C,0.6931471805599453,5.2193108094409375,20.486157195405152
FREP-9444-O,R04_B1_all_valid_v1,B1_formal_pending_R04,R02_input_20260905,Eunice,1,False,False,0,model_fold0_G,all_valid,,OOF_date_group_diagnostic,log1p_C,1.3862943611198906,5.81604265836861,19.622669976977924
FREP-9451-O,R04_B1_all_valid_v1,B1_formal_pending_R04,R02_input_20260905,Eunice,1,False,False,0,model_fold0_G,all_valid,,OOF_date_group_diagnostic,log1p_C,1.0986122886681098,4.046669170154057,8.691039376476645
FREP-9457-O,R04_B1_all_valid_v1,B1_formal_pending_R04,R02_input_20260905,Eunice,1,False,False,0,model_fold0_G,all_valid,,OOF_date_group_diagnostic,log1p_C,2.1972245773362196,3.4534136271037896,1.5780109287559507
FREP-9458-O,R04_B1_all_valid_v1,B1_formal_pending_R04,R02_input_20260905,Franklin,1,False,False,3,model_fold3_G,all_valid,,OOF_date_group_diagnostic,log1p_C,0.6931471805599453,2.4545088936620787,3.102395084382082
FREP-9459-O,R04_B1_all_valid_v1,B1_formal_pending_R04,R02_input_20260905,Eunice,1,False,False,0,model_fold0_G,all_valid,,OOF_date_group_diagnostic,log1p_C,2.6390573296152584,3.4534136271037896,0.6631761792592291
FREP-9461-O,R04_B1_all_valid_v1,B1_formal_pending_R04,R02_input_20260905,Eunice,1,False,False,0,model_fold0_G,all_valid,,OOF_date_group_diagnostic,log1p_C,0.6931471805599453,4.823570605597559,17.06039767009945
FREP-9464-O,R04_B1_all_valid_v1,B1_formal_pending_R04,R02_input_20260905,Eunice,1,False,False,0,model_fold0_G,all_valid,,OOF_date_group_diagnostic,log1p_C,0.6931471805599453,4.875275003446095,17.49019312695845
FREP-9466-O,R04_B1_all_valid_v1,B1_formal_pending_R04,R02_input_20260905,Eunice;Franklin,2,False,False,1,model_fold1_G,all_valid,,OOF_date_group_diagnostic,log1p_C,0.6931471805599453,2.700539168069197,4.029622591516342
FREP-9469-O,R04_B1_all_valid_v1,B1_formal_pending_R04,R02_input_20260905,Eunice;Franklin,2,False,False,1,model_fold1_G,all_valid,,OOF_date_group_diagnostic,log1p_C,0.6931471805599453,2.7447225673246454,4.208961567578728
FREP-9472-O,R04_B1_all_valid_v1,B1_formal_pending_R04,R02_input_20260905,Franklin,1,False,False,3,model_fold3_G,all_valid,,OOF_date_group_diagnostic,log1p_C,1.0986122886681098,3.2970892643611123,4.8333010126522495
FREP-9473-O,R04_B1_all_valid_v1,B1_formal_pending_R04,R02_input_20260905,Eunice;Franklin,2,False,False,1,model_fold1_G,all_valid,,OOF_date_group_diagnostic,log1p_C,0.0,2.658981828590405,7.070184364773974
FREP-9478-O,R04_B1_all_valid_v1,B1_formal_pending_R04,R02_input_20260905,Eunice,1,False,False,0,model_fold0_G,all_valid,,OOF_date_group_diagnostic,log1p_C,7.030857476116121,4.613978044408488,5.841306187411411
FREP-9481-O,R04_B1_all_valid_v1,B1_formal_pending_R04,R02_input_20260905,Eunice,1,False,False,0,model_fold0_G,all_valid,,OOF_date_group_diagnostic,log1p_C,0.6931471805599453,4.53160780957574,14.733780000504328
FREP-9486-O,R04_B1_all_valid_v1,B1_formal_pending_R04,R02_input_20260905,Eunice,1,False,False,0,model_fold0_G,all_valid,,OOF_date_group_diagnostic,log1p_C,3.4011973816621555,4.440642701501241,1.080446572935378
FREP-9494-O,R04_B1_all_valid_v1,B1_formal_pending_R04,R02_input_20260905,Franklin,1,False,False,3,model_fold3_G,all_valid,,OOF_date_group_diagnostic,log1p_C,2.0794415416798357,3.00362899567442,0.8541224501209922
FREP-9499-O,R04_B1_all_valid_v1,B1_formal_pending_R04,R02_input_20260905,Franklin,1,False,False,3,model_fold3_G,all_valid,,OOF_date_group_diagnostic,log1p_C,3.713572066704308,3.1566453406496966,0.3101673781939081
FREP-9505-O,R04_B1_all_valid_v1,B1_formal_pending_R04,R02_input_20260905,Franklin,1,False,False,3,model_fold3_G,all_valid,,OOF_date_group_diagnostic,log1p_C,3.1780538303479458,2.675818405552277,0.2522404219196857
FREP-9518-O,R04_B1_all_valid_v1,B1_formal_pending_R04,R02_input_20260905,Eunice,1,False,False,0,model_fold0_G,all_valid,,OOF_date_group_diagnostic,log1p_C,3.58351893845611,3.9803494065891973,0.1574744204387253
FREP-9521-O,R04_B1_all_valid_v1,B1_formal_pending_R04,R02_input_20260905,Eunice,1,False,False,0,model_fold0_G,all_valid,,OOF_date_group_diagnostic,log1p_C,5.673323267171493,3.554025612965283,4.491422547123943
FREP-9522-O,R04_B1_all_valid_v1,B1_formal_pending_R04,R02_input_20260905,Eunice,1,False,False,0,model_fold0_G,all_valid,,OOF_date_group_diagnostic,log1p_C,0.6931471805599453,3.4888730651825,7.816083221948566
FREP-9524-O,R04_B1_all_valid_v1,B1_formal_pending_R04,R02_input_20260905,Eunice,1,False,False,0,model_fold0_G,all_valid,,OOF_date_group_diagnostic,log1p_C,0.6931471805599453,2.995752416594157,5.3019908730121665
FREP-9534-O,R04_B1_all_valid_v1,B1_formal_pending_R04,R02_input_20260905,Franklin,1,False,False,3,model_fold3_G,all_valid,,OOF_date_group_diagnostic,log1p_C,0.6931471805599453,3.456071847078607,7.633752712857257
FREP-9535-O,R04_B1_all_valid_v1,B1_formal_pending_R04,R02_input_20260905,Eunice;Franklin,2,False,False,1,model_fold1_G,all_valid,,OOF_date_group_diagnostic,log1p_C,5.7430031878094825,2.8273730786925553,8.500898933189186
FREP-9547-O,R04_B1_all_valid_v1,B1_formal_pending_R04,R02_input_20260905,Franklin,1,False,False,3,model_fold3_G,all_valid,,OOF_date_group_diagnostic,log1p_C,4.882801922586371,3.2855226161926923,2.55130118263347
